4.726938536751433,-1.04919978904731,3.2697532321529637,9.843123884339706,-0.643378175624757,-8.835323187170818,7.731543934242698,-0.24586128861231532,-4.962747235448759,9.039185337078374,17.91278710487223,1.0253187926867735
-2.9940645544061657,1.7841690377852888,0.7699188601777625,1.5132461246757034,1.763248187311647,-3.33645453595822,2.1086496561281676,-2.0062752102941728,4.108637565409948,-1.1593260929772438,-3.376076254182948,3.1032504401620016
-4.0346273394104255,5.984158278954631,-12.182918084656553,-7.940446497987524,-8.640455607411562,-6.368399674888953,10.15740930635776,-13.401737504765865,12.822836424880077,0.4024676619828677,8.112993168717002,-1.2930097034751646
-1.3008241153329398,5.385740441217032,-3.3639595943595326,-10.569153336793224,-1.7093993246522612,-3.8690159800111994,-1.7618352114789788,-12.224894797689565,8.385968562073643,-5.971738591578568,16.495574257382167,4.802465933759915
-2.6426525738229785,2.9272180499647305,-9.845190529981776,-11.50509038375389,2.929020727012935,1.0052367847326604,2.25683083299283,-8.843120159195959,5.779730357727612,-6.061266722136669,16.89308809250114,4.557524840143419
-4.13219830936091,0.08628932832110706,1.6312888482783563,-11.057551377585082,0.433024484884859,2.8486275840124797,-8.695182529231339,0.7935596030769667,1.466367001697595,-1.2706373486121925,16.695647894964456,-2.308853824157766
-0.860036974963757,-0.7184488662525557,13.959250585357998,10.358957695405051,4.728513092313273,6.294124016854907,9.882663323992855,-7.545481090678735,1.7050034613035405,4.89662873220226,2.4068421623815652,-11.732477169843223
5.722999718839815,4.232677982755559,10.78305475912627,8.978959610012428,3.5164871721200965,5.3526572021546475,4.327326741950907,-10.222189316231825,-1.948380477768925,-1.2706448010500295,-2.487883281764561,-12.957182359845602
-2.4805516928374254,2.799385311043889,10.215314808778365,5.039667339323468,-1.1870849337968643,4.60913032923033,9.842451418356156,-10.33530243344404,0.6396351490143567,4.266771821225178,-1.9898926427002879,-12.25625462537439
1.3813165997566936,-0.09154817937203508,9.35506837156636,4.168905350726928,-3.2613141271308477,3.4808476622975264,5.869110564364553,-11.887812730974895,-3.0504714167257365,0.9204940395982336,5.684457846910261,-11.74867179852325
-7.4407387423381595,3.660453937290636,0.44978182189117166,-5.881574111625768,-3.4944722214133925,2.8322732923895035,-8.495862159348636,-7.035388748504066,4.890648618854855,-4.555125926336923,8.847960961984336,-15.779570853589863
-9.798215230276945,-4.701907227982675,5.202931916379498,-23.568545199219972,5.501979775460282,2.85295554873843,-19.236570966286642,-7.014097497736902,-6.8032954016698595,-7.872483081928776,9.183274974348183,-20.507933278606554
-0.16648282291505812,1.4072864703160461,-7.234913843032617,-13.532892697361262,1.9832499364219769,-1.9164957575181205,-20.480365169674165,-21.42953888015535,-10.338660164289404,-13.223534584634846,5.775062017330404,-25.18156746976625
-5.10251016461908,-2.573847247772556,-4.83321023220119,-17.2800873429982,4.018796006379911,8.517303725718389,-22.216298327896634,-12.381901862207187,-7.170335976548978,-8.989074994998957,10.959175258815087,-23.187247544598915
-0.19195710781527353,-2.243337977204238,-4.680346969336072,-20.524361609858932,2.0753083359844595,6.052923851775668,-14.136938721350583,-10.623760729052087,-0.2305043576045498,-4.183129858919118,-6.046083967834267,-20.058054373296834
-10.10151664503742,2.534636190361021,-7.12979555527253,-10.176210128947123,-4.241602520910249,6.739938114570771,-28.339704533009087,-4.002832838791685,-4.912388671017631,-6.657322759496378,2.6157232252880327,-22.499372223751713
