1.549602819421393,13.036953749082228,-4.691854945657273,46.917200083145346,2.4632483144302046,-2.7519463912908275,-15.322840885427244,14.094600930635837,7.20268029200261,-4.591524808531187,-7.18731547167536,8.89116296615973
-0.3769501059595939,5.939081221380382,-1.6765163879252265,26.580114495179288,8.833322994144055,3.425952817512462,-11.316194512364525,-13.013543579729692,13.010734355953108,-0.8386053801250988,-11.801960050455477,2.951024889371931
-2.819743344287411,-7.70417775967166,-8.423202088594788,41.469204984564044,6.965806955346327,3.276389885987059,-5.252657025398944,-2.1146215934439354,5.4966995814009065,-0.8008696372407229,12.634235149800375,-5.996655724065368
-4.200858433668872,10.566064163814556,-12.144475391695856,24.161746579372963,0.05076538734263636,0.18434417423636118,-13.312366236247524,-9.493767320715452,6.269930308411081,1.3462191713121374,-2.3090325608804196,-14.418153773144555
-6.5176030238059335,2.977347936171882,-10.201708557550226,18.981595759779722,-5.141413402896498,-0.6720265321849997,-9.329853104978572,-4.921779531887466,0.15033834113178468,-2.681776904231583,3.962951022436781,-5.152133898680533
-5.341875388382399,1.3050829399750197,-4.0295865406719935,25.19737981164169,-0.5912541742455317,-0.8973810572607641,-1.612247332963399,12.39785232691703,-0.6174481578786376,-0.06034336648801403,1.307801991655893,-0.5599103735416207
11.774496576001988,1.368626192835354,-17.08502716646585,-3.4623570853631285,-3.6257361753078805,-3.8504993321403616,5.9435849834332375,20.402447068576674,2.787962959655268,-1.9780095370258366,-12.12457227663725,-18.72909644880266
0.0259454628062485,-1.3078219938635,-8.50141421660339,21.058467294801684,-1.3196106539819672,-9.653269884337027,-2.3456323730559077,17.232949180402738,-7.530080222498592,-1.733738909390242,1.8905629839713938,1.9827324948317329
2.8223332252177973,-2.847380706147885,-7.32081810121556,7.629726489450874,1.4856335680935566,-5.861145473590172,-5.810824439928344,-1.0659681557024279,-1.4292109620109974,2.3814858020792236,1.03504855247838,1.8510086476526197
9.196236112089425,3.6146544119488255,-12.35411330605826,-8.767886386296308,-5.125546656927624,-2.666590130822947,5.507426876167439,-2.010781665332836,-11.353518894130255,-2.4339211676164085,5.092541498423458,16.13855465643793
1.6888650711539852,5.571452953193552,-12.650874546802026,-15.465606314502919,-0.9177886682892823,-4.072015030503712,15.294974591089881,-0.4232678999503827,-0.16195549339291077,-3.48619645564143,-4.778083588918414,2.3281572065481986
-3.4023019510007018,7.90685821978119,-3.7132339872419866,-13.406106328915588,-2.1904998506783038,-8.488801445793507,1.1154327793937668,-11.18644687922782,11.179683232816013,-4.2694866373833085,13.914494588768633,2.8379280554639847
4.487010615186076,4.985200718275478,-12.227892034839753,-31.843679500818215,-7.771078509530058,-5.274177626092244,13.772787168016235,16.5789018128646,8.507704131611984,-2.792230101247147,-5.60492079572757,-22.312252361083374
-4.8037883076423205,-1.9567651495208076,13.860679023582128,-0.17957734332900643,-5.073632742415226,5.012131260668373,5.383510470864936,-8.281825755052298,-4.217340611569256,2.5002965917053697,8.441392686099181,-14.808398938166519
3.2565898528844226,4.046185836783837,16.03866993638252,3.7977143748957065,-0.6773471290557103,3.3908740534487425,2.732386099914881,-1.6808077217433,3.2852441367380454,-0.0629990183151212,0.6486483518299414,-8.018368937656144
2.814168352499137,3.647828678428028,-1.1408510700625967,-4.107274850592507,-0.7173597173639878,-3.7163609168010754,-2.679268314714829,-9.902574933684512,2.387844679004405,0.6962470604253932,3.2444785570027346,-5.167424329707418
2.8031670038791314,3.2550188385112544,7.518001981497156,-1.4954835200135383,0.39886480447351835,1.9895469450909151,-2.1642630505013427,-10.13809972318885,0.048447249966824535,-2.598593463325881,-3.248805219304287,-21.25501510297705
0.5835113393254414,2.804436232647852,6.6603773942262805,4.99741925124827,-3.0363831503686236,3.6510149665745626,-5.030092849269444,-23.9239601123253,-2.591421953258414,1.323967715095553,-4.508911036890748,-22.170886424512137
-7.579089774010601,-0.2781799589418499,5.401561965282152,-1.8134138755141116,4.364601638758299,2.494494107311983,-11.76262687158881,-22.605465806713468,-1.9360008553932393,0.6581134719323835,-3.0650130236396382,-23.015203179380148
-1.3948104266716879,-0.38849541281206834,-3.204389357307244,-10.403111649986078,-1.5780486970551793,0.07735468389212757,-11.564324163521443,-12.50907132329662,-1.4625607573910802,-5.064577088935257,3.3219651373167114,-13.772614704197913
