9.186848510575254,12.8132225164541,10.524467682399345,-13.011711389058226,-1.1646291147524868,-3.7782370419191458,-15.572688256676015,8.238299224058517,2.009682650143187,16.84425508543963,3.866927969852146,9.686678292792005
14.700924131394958,0.1306489402114921,-1.0515656794362613,-11.634471142848176,-7.594533568317679,-1.174595479384008,3.006803824429866,13.018189954818489,1.8921838723712336,-1.3859834462396237,-2.2135687067276715,0.5336546664463551
-4.773462720616454,-6.776872436960529,3.2073176992205736,1.2493792196445566,-4.465115624117604,-3.8288331638687674,-4.007001670203117,10.488060959838366,2.2759161940342527,0.016932460054970122,-2.1650248135025785,11.03936182557521
-4.293545288318226,-0.2899565377298048,-1.2373127052336796,-17.490848009812492,3.3691093674659074,7.613697934369082,-7.795893862044918,-22.107216221306597,4.005360460488624,-3.211204028268746,-9.910153148602566,5.816000429353538
-3.505179797367327,5.147987920282446,-11.412965193394854,-24.050913136598858,4.724259877574392,0.6395124701105436,1.6484830619835693,-24.4157620711129,2.491831382794478,-2.0177153751583905,-17.248402155310366,4.459155619166122
4.262144095617708,-1.6396725445411882,-10.284273526465379,-26.337538349244287,-1.3163151479615571,1.2963710657935086,-9.423937225905904,-21.953449640994904,7.922734183266989,3.925472684700038,5.503944238702548,-2.950235568302107
-3.021451423367836,8.280696317440245,7.238180336885847,-23.39747361044132,2.607199500238592,-5.2645186964439565,-9.27071662473494,-18.633580554866185,1.397228184039894,0.6629200641183104,8.092265506990975,12.687542507204835
0.7158345205688551,4.004411222180639,12.360805966334294,-32.825846557502686,-7.2623900683598235,-9.171992419589014,-13.786887321476012,-27.059439093838673,0.022540381943802684,2.786028217583767,9.467199066493707,16.20048553570948
-6.499304805526865,0.3981863664664928,9.203628613510402,-26.38487923715969,-3.7226886029947313,-1.5635832058056431,-8.545181165260104,-33.37475205237549,7.40550647422873,0.8226166903384811,12.580479468033511,10.867089853652049
-0.9078483515718727,2.3727184170738664,-8.057702903328774,4.183663765496848,8.161635821880074,1.3533637892361141,-15.841475137790807,-42.06814580837634,3.870892344644418,-5.253033104683256,7.668946527679331,-12.045346499728812
-12.831364675646665,0.18546615751097173,-17.689430298827514,17.397911778285522,-6.712949603382496,1.2224951694998363,-5.936905810063141,-20.917591884642498,5.7559613228516655,1.88438364960422,14.224160721022969,-19.931040165364706
-10.042109275060852,-3.801972039422062,-20.226382997532486,23.819613303328772,1.825927275926345,3.985989898642885,6.168215128523248,-26.784449750505363,0.6696185299420101,-2.8223869658734637,24.38753140914849,-21.055180977356436
-7.443064547527962,3.06055060453635,-10.823573859338865,12.679438124357073,6.870828086207731,0.5028875129344942,17.15820341558088,-16.075275308064686,10.629063816718764,-3.4559311975991363,19.617040932253197,-9.660270865272787
-7.40147013654633,1.1730764415357013,-13.62154185729819,11.374314839057881,2.628981439375197,-2.978622727462226,13.349993948153761,-20.89980593258961,6.371884187297134,0.9030567400284353,14.656212539700574,-13.834946209139616
-3.497817473029534,3.243663900213621,0.4901201058821618,20.738875678882067,-0.6562906182093213,2.7079519216609613,13.593531898166693,-25.102835502553162,2.864325394780948,4.343184421148958,14.060809383296666,-16.78321101763108
-0.6629359193163182,4.258196393689708,6.357163055148594,25.992459005853416,-6.291878280853602,-0.8533903583277549,10.350540122746851,-27.43394584223301,-2.090860291131761,4.686056156378647,9.049063364179482,-17.74462863405689
2.0185460134152686,9.485364188629816,0.6651256990040832,5.265573877992769,-0.8247630438452516,-2.7731201314443057,6.249546202862063,-9.394479248555161,-1.087796070604658,4.169353104279066,-3.253607527104208,3.7789648287246527
9.254103181200767,4.728005611964445,-9.368487546615128,1.0475589989510532,0.4696777244217032,4.111878588454764,6.276823582254585,-10.082364074557052,-4.386422211918741,-9.053757486714398,0.19610364548873793,-2.247831342190298
4.48463421391724,-0.3484559935612541,-11.432783268671804,-14.004456124515642,1.9106683649716547,0.6902429971201987,4.846316859438311,-9.20550951504018,-0.42527709008831094,-0.9961650624581999,-6.928198080140084,3.065512594846549
8.669842665306716,0.6693635960803901,-12.18682851894015,-18.867496179384965,1.6939220211961645,-0.6407096197880973,1.7851011532271517,-10.546922035334028,-0.9490483856475842,-1.544408460853976,-6.864972230084508,5.636977006973306
