-14.198740975033207,7.790226434554249,-31.182492545479732,46.83644040943729,-5.201996933915593,6.766065546446558,-26.06552128435801,9.040991314913224,6.324765659394796,2.02857655536385,-8.67840213094935,11.52737987567911
1.4547496745873438,4.896313617967942,-7.8188392068206705,25.445797347856512,7.624454204268449,4.659189916274441,-12.098383775116497,-6.984464112937541,9.01659154159184,-3.5659606225809846,6.218089142545992,-0.13506812033864257
-8.412857417360911,6.4772056568848555,-14.626534577102106,27.40927645201834,-8.27642326700303,8.38736384265516,-12.651986560871558,-8.607955141249887,6.233932033725942,-8.730354464142795,7.294754777588295,-6.5073824961466045
-2.1884984132290457,4.039528554256352,-16.140750545486593,27.62355080311253,4.1238534138617515,1.1032256815378014,-12.537416753023821,-19.355525859440327,7.24604873941669,-3.004240755445057,1.5579449035171473,-15.859503258402897
-3.2847117697591983,3.4363845691641624,-12.041556750045016,18.911912105047012,4.421061549132945,7.160107280402435,0.2887159831483057,-11.041353836890902,0.8372612615290311,-3.346745669002372,-4.818224093041161,-7.996009339523807
-2.4251571876543667,6.157649623359587,-7.867448669419536,13.876804645332962,-8.430973027112072,-3.3623006680938308,-4.4853301215710255,4.358260043404638,1.0844516064761058,0.4123808145525183,12.905738805387163,0.19790653262247204
3.276721710203748,7.733930168127063,-7.095211384298627,21.234862622872548,-0.008106817551521622,1.322713474211673,-3.295675034025811,5.936657059360653,0.5199358299113384,10.57999401712756,22.890956424178384,9.156670952278922
-8.636278475782827,0.528361925629075,-14.39713876757334,26.45260889355125,-2.1747983293616717,5.440021586331546,-11.15923982561543,16.940883307405024,4.438876179783446,0.737439435233342,7.175334778413479,-1.5824771120278343
3.3066615742266885,2.3023483976616275,-10.535951737116303,14.08797177929244,-0.17292456237191658,-3.601480109199959,-12.029722653400261,-3.1613532054974285,-6.512850236781371,2.44782059221101,18.96834124315866,-1.0872695023979788
1.57969847361302,0.8895450884762057,-0.8832421412206887,1.9682703703003408,-5.264616224335324,-5.249998384112945,-9.705144490086234,1.8426522616451522,-8.457645655301889,-0.34611658816395924,12.507777694382655,6.286817127475351
-13.256094158643352,8.905782311428979,-2.6094417662577207,-5.397979980355875,-3.492928308514828,-2.211170707470544,1.8993733858402755,3.397764591810614,-7.811158874430472,9.530988917237678,-5.140813327289357,-3.65435342205663
-1.0075007917842314,1.3729307684711443,-6.661911633561064,-5.734039720505188,1.701823385080211,-1.1761497240960148,5.695275624587924,-9.615611324333608,2.1191928036760164,-3.761411173935023,1.542104019472407,1.8501501698607878
-3.591063625023057,3.53484578208771,-11.923325971980121,-10.167561150332302,3.3175359245794094,-1.7612987028327414,5.272913813433263,-18.87785341840203,5.576697027519641,-7.577690328336235,16.165216418720508,5.784055408431147
3.76182190617998,-1.3595920735377203,-2.4947536693931203,-2.9928363777079054,-3.4708379792168715,-0.003113003806621821,7.526632951312083,-1.961198111688474,-0.4001867323259697,-1.2875723203208547,2.5580198067268216,-6.231450092620967
0.968432730828694,-4.385774310350265,10.302877678993601,4.782108253761986,-4.0941309188021275,4.075346640888666,7.112625116407809,-11.02396384606991,-2.293324028666388,3.2327741461465647,6.384397176271365,-6.20864707910419
2.987024864918542,1.7532756245805694,9.339935254179146,7.503713834336092,5.596537690871253,3.7837454156397667,3.861702842946446,-6.279774925254869,-5.1104722912116305,-0.4704733649646095,-1.7914670233436945,-16.17091715546558
2.391606955845204,-3.909326743106068,-3.9088676782209686,-10.548841749426865,-0.6346170771063405,2.51303636354777,4.989573460679349,3.245510694539838,3.2296600979044974,-4.865013252470002,-7.327484964095824,-11.30246037129181
2.824331023523466,3.9953344697593223,15.509522062945969,3.3239508612997435,0.5154359989689232,2.384589623566281,-0.4541122256258915,-15.61117519857636,-5.6265107698902765,-3.7739288516730185,-10.56182647058995,-17.86006724838315
1.8155312165585886,3.3194695587608187,10.114463882424461,-1.6979254700096633,-1.3333520251000985,2.994207144860766,-4.027179779374662,-18.822806967221975,-5.290425055512675,-5.920525897382733,-7.636001302265826,-16.54946289632384
-5.2099434642367015,-3.4644463498860065,-3.3680599691478452,-7.2260339353740415,0.6997147567873426,2.543782103249566,-14.664254433307198,-6.190732646432182,-1.5688912671728015,-5.984279729823345,9.21303962204389,-16.650214076201298
-3.265591803159296,1.84025685399553,9.716498112488695,-22.559340530827402,-5.979128708856996,4.750919828535776,-13.311547714366474,-10.74275665622989,-0.48174717630666763,-10.408557882119403,1.9025449507094236,-12.66315582112896
9.880565721825494,-2.377899700846064,-15.359819332764909,-24.37626765071652,-11.779166024293144,7.114697605135191,-7.931016669100898,6.787668597781299,4.970663108409523,-9.021064717835108,-0.7224252767065757,-40.80709435583581
1.1009457439144823,0.0786799307032453,4.784733324728657,-19.40703667063749,2.3742325052235627,-0.29798074511194267,-20.73530986506922,-11.508650195883247,-9.462039129783719,-11.387389203971658,9.687191245993251,-26.51197612263683
-2.2675654285136497,-1.2139460547798224,8.46301221857574,-6.144195980869505,-7.014598131780817,-1.534230703326056,2.4464711073851007,-4.275298053519878,-4.33260478256185,-6.410683430889295,27.986162986979338,-18.239223988645968
