6.0959309281869904,8.378900230773658,-8.262903870133375,29.366165885606698,-3.77342705119752,-0.5229891418621218,1.0378820706627736,12.821337329000096,2.3319579684831777,8.618231645664805,22.598450454062974,-2.41406412117902
1.0978503620643016,0.9562672204942816,-9.392200922941218,21.05533563623323,-6.419879044794846,-6.231864868616507,-0.23398695411157358,7.344773044493586,-0.2557606533941832,4.226212617551091,17.81390060144717,-9.91713292674161
7.514525824724754,-6.949108712642518,-3.688503086964915,22.567021245784677,3.642335884926992,-5.662962390385016,-10.706716686046146,-0.3294992681978489,5.292930353128102,5.708559918730159,7.63858362276927,-3.570280162740973
-0.51206433166355,0.655915756376693,-12.903880587080078,-8.264058014303417,-5.202215896396872,5.853948239423765,7.802632361129203,28.88534171184627,7.702046759477456,-6.240751737416788,-18.606557255769314,-17.187393083240703
-9.058444064319337,6.212091278952096,-3.8394875243604396,7.327770380206486,-3.078390167220203,-5.825618790273681,-0.3820127863365321,-7.913585560530146,4.896892226803829,-4.7439152540467955,6.681342559362798,4.369352205377418
2.2524949972824935,4.973254669216887,2.65786346279673,4.45900007468336,-1.115169229477308,-4.568984075611307,-0.8922002175915255,-0.6659006202135302,6.319344578030361,-4.169324236180387,10.026224718156993,10.168080400626055
-5.46052465608881,1.1012186771594366,-7.756101741963184,-11.98340340001291,5.5846302784738455,-0.2357518108388145,9.661032042229635,-13.265101382012471,3.7933771940495307,-6.7635037086199645,10.296145892592891,9.317189112852958
3.71060260587083,-2.599121546448388,-10.727774259470326,-11.390353955248267,-5.243585935433416,3.8454830218284695,8.987131836163035,-9.08445471522568,1.3962985946380273,-2.8091272515167875,6.225915516392595,5.188025421351585
6.7437846735440425,-3.5906745355150598,-1.271923041655525,-2.6855916391858696,-6.68650076696908,1.3266691540415168,12.004679399374153,-7.335051827173754,-0.8053214211524118,0.6113612827682798,-3.605966054880071,-9.518550478125388
0.7647297063200115,-2.94312737162276,-4.3482016695363495,-4.2811664740973905,3.223705679728079,2.708151805584998,1.6548630079000626,-0.9056862288459803,-2.0870324274576735,-0.6551049585537707,-0.9261922204386427,1.6364723492924755
9.783125225122351,3.886875863939169,11.026161256386532,8.06693196376364,-0.081289945734419,2.1581153499298567,17.09091621297931,-11.501732755048307,-8.376174581286953,-4.765410559267063,-10.646731607677335,-13.431839865321212
4.623848709105076,6.52627971113596,4.670118240236248,3.106958724052258,0.8223372049109976,4.075687767828253,10.766601554921111,-17.71208790656564,-2.06063869946356,-4.209640406285801,-13.597479468898857,-12.560082192948089
2.4627081933860477,-1.3183372840478123,6.610658922304943,-11.139348143535932,-2.191302825882152,2.6783627581695097,-5.079150582475115,-15.528151219519712,0.8959175781750528,2.639093977197997,-13.128704819807096,-0.8947222157815335
1.2524573513895971,1.3151846330551065,6.1514873955425875,-11.345692662724689,-2.4534557683608185,0.2724066101778216,-4.691482923811643,-9.38484961788737,-0.9653151295638994,-5.063760556501985,-2.0454348137009397,-12.63081242123474
-3.2370272554874493,-4.740862948138018,-5.097012611203097,-20.003423798522885,6.105762316993027,-2.696059516451291,-10.069045082066957,-4.06081194606122,-2.9247716631401817,-5.333154532184072,6.267775193031087,-15.951344623884394
6.09832934783722,2.741237135253848,-5.367663233559444,-22.822697409850548,-3.691748080377038,-1.3544692883868807,-22.433741089811875,-19.753357711095653,-5.525106089640696,-6.102342652091059,10.962404729718099,-15.743796545692888
