-2.367697469799615,3.081793714168868,-2.3978000428127224,11.714174977364497,-3.651048352502065,-6.211601895893436,-1.5961350531872482,9.907583137257241,1.1819076836102658,1.9909232265602288,8.926793698378972,3.8580585170273247
7.616631562015363,11.126797081206838,-4.825001903321387,23.592701583674035,-3.13741594719128,-1.8464207421902237,1.7190472754351342,6.938641454998089,6.908837444180584,9.064425317533946,29.158048825830228,3.41944241368601
10.711595836497613,2.557021549446899,-8.196400996726217,24.922547155975362,-0.40840923246064353,-0.2779433769237201,-3.17045678367642,0.23853819098327617,0.2513541019658849,13.847318383367666,8.584876785123825,-0.5600980817624953
-14.898422301947344,-2.837843322943601,-11.787356702482029,41.894564217132334,-0.11368343577565035,-5.420918911888146,2.6251369907941267,20.24310852899383,-5.194920877126422,-1.816658988601084,8.096281362466687,-0.9477376651238092
2.164348803472719,3.112472405448491,-13.087656095284853,2.8371311183690495,-6.046342726650515,-0.7329166165311095,-6.080016809919894,-0.36423391764808727,-2.471762608065698,1.8980911836335124,10.890037093347248,-6.484294629294991
-0.1852769004559014,0.08088345389555518,7.117391776544054,4.2625076676632405,-2.3821960797666404,-3.400614913259222,2.933829485798527,-3.1471228349858738,-2.8792245001575116,4.32039162962072,8.153565606680925,2.195316256390902
-6.218856516913207,12.79431079945625,-7.734453830938826,4.323657163321148,-6.00725808297085,-2.1922347180996753,-7.164173511692233,5.211833408691729,-7.06288973205808,8.401204672409998,-1.1360181598276362,5.408164488881869
-0.577997500149346,2.5587453534381885,-5.476971032899491,-6.242390505602875,2.095925399103634,-3.897437539504317,1.8880291260463167,-1.2259125472227745,8.091174744772745,-4.625467864491096,6.565375019601449,0.837972259798158
-5.155825354757495,3.42336192219138,-2.938768728743801,-8.584418283456499,6.594627878123575,-1.261967155273585,9.829283974537216,-16.9893872866331,-0.024991234899443104,-2.1458803214530846,3.5734949022285503,-3.620676352639353
1.0870232520752454,0.1144150430835175,5.3696320434286005,6.6339683317372495,-7.424547394960436,5.120212869802965,9.182723248138181,-8.958209569225605,-8.844935037638486,3.5383589307635925,-9.249419740055131,-15.326645528535993
1.3549713949858564,-0.8258599176319987,-1.01511708632924,0.3774301586184665,5.493798674640471,1.6763628081282933,6.474860480115884,-10.723073096349326,-3.7169533794631793,-1.3687908293843019,-4.461855117354533,-2.5691742660493873
2.283876982710665,-0.5742536931832184,-2.5092828215917375,0.05374786194438605,3.539438784737468,0.8983567394938454,9.385302712246247,-7.9936404215685775,-5.661810988433399,-0.6727141672927832,-4.144549270139432,-2.322636604839494
14.844333992429458,3.7792800526912793,-0.002230258885380778,-1.9628965442383333,4.319561855713215,6.021450543717455,7.795298510071322,-5.995318705955202,-7.238335302348187,-5.332400984882972,-16.29947924788562,-13.988975706688034
2.0199175875929125,3.67626743103288,-3.022772696117196,-3.8744047563931967,1.794500043223668,2.040410081758859,0.8533156165750768,-9.44107234191584,-1.2834294384799274,-4.2261440503820715,-4.482904487805918,-6.361543613399395
14.082508622870401,3.7754541602465648,-8.954447846985355,-16.218340212125888,-9.34825905098473,6.449639993135777,14.464210442977885,0.42476115394048425,1.412555053598384,-11.171458170522142,-20.607657404817022,-19.02940463794494
6.390388529992441,6.344898297529811,4.71868844324389,-10.49222154830263,2.7208816809733976,2.9610558884314124,-0.8879688008486685,-15.870834246436877,-6.120080886647003,-9.447860068460516,-11.731158185173106,-2.622370184405874
4.585657101455849,0.7827185803869177,-5.572172363761467,-20.69396258533032,6.420864512700543,6.352680057967464,-10.593693725082431,-3.6411748378164472,-0.941791877570308,-4.069465349088587,-5.22677463917695,-17.56500962647403
0.6116036953303854,5.383716694692133,-3.8792076483360964,-19.823754232449797,-5.381234380362253,5.858643793122249,-17.411612684469212,-9.225112224688035,-4.824999266005329,-13.072894557608366,-1.4249733368077449,-19.23664173706943
-2.0416344673604794,-1.298712532011277,-4.147736673799656,-22.37104994352042,-3.9190239725125124,4.449675833845997,-14.524230205923548,3.729675447043406,-9.076869350559233,-16.373327198853058,10.163610299902135,-23.30382341920069
3.9397115928159065,3.064071524864682,-10.487631050824554,-14.838395927795673,1.0806469927831235,5.153166590025555,-18.50682127682777,-15.476520987214535,-2.2239810317585116,-7.264993830634946,3.6495342002271993,-28.03521858400474
