-7.1046079935023645,-0.8860372030682351,-0.13685178198712444,30.56198087735454,-9.155075556075882,9.932413186402915,3.4718550771443377,-0.8443202692373555,-4.211335657800725,11.084182096185579,-7.025756790237571,-12.31414380746958
-3.823118906598075,5.704995151857791,2.662895297517206,36.101848030172526,-11.828535371649679,1.0906075098982466,-4.705687114321758,20.072937189491835,5.319613368340696,2.414520832112278,11.05145081030387,9.969566731782596
7.148504558805629,5.741634679290053,-4.5400576348646835,14.53648278909564,-1.544712393786662,-1.7478698803327635,-4.94863046429807,5.369376020492725,5.809764352610066,4.15265407966397,16.49065550997784,-0.3289292013607273
0.5905803534217631,5.738659790175895,-8.630080826267308,17.38992804907254,1.117493142341572,3.5047463055344603,1.9408356255556314,19.636784495315865,-0.26345227080162076,6.30217991512172,-3.8617834669137268,-5.408311259092335
3.075833021984568,-1.242862002125752,-5.726369599069828,13.523957497378873,6.191023768748253,-10.855821006599381,-8.334171631450257,11.127076593807466,-17.141554606827874,5.511073210572971,10.060065957361033,13.345706459432527
6.205852025588515,0.26489726103823724,-8.617044064981972,13.601510574485454,-4.234121655518869,-5.564170269884947,-8.01039364586499,-4.096306202457098,-3.637294265866618,5.078745659406651,16.389542176805275,2.990673801212029
2.8793663532851412,-0.23407836439800467,-2.0443380243210023,1.9084240191299382,-6.339732555332484,-4.723869804312755,-1.7667649502468805,-6.935039141735431,-6.774022838829535,2.220740408640216,16.769097204670153,1.3087838143323864
-5.820243762529669,4.208286619067457,5.03829588941672,1.7227261954569868,-0.5386191942165195,-11.494423089966226,5.899300542460858,-9.70293541225127,-0.7640906752443574,2.0116267107366683,8.205381899662786,-0.39449093731081686
1.687102455215177,-0.9401428950233972,0.1507829849289598,3.0321298633235925,0.17299764564645115,-3.706214230766325,-4.72195602624921,2.2638125669888196,2.5122071285180576,-0.06576286232094994,0.4878582108848185,1.2344132112019717
-8.514294117302814,3.1808949650980436,-7.261997525313763,-10.573940129858519,6.395097645483315,0.06432811476635045,10.10106909681463,-23.554509583862195,4.922643962639088,-11.950828967171013,10.311141573731161,9.915259448462738
1.5430532782909512,0.9035010239370643,-2.439814581644081,-6.428295203426108,2.8911817617946105,-0.7650814274843434,-7.873649463467429,-18.5356369971973,4.399648820954793,2.746521422375839,12.176802342123434,-0.013948538325099458
-3.8247494574370524,-1.7092874918966534,2.7719754751285457,-2.1858697582626774,-6.428802153469144,6.3452739645142975,6.084198714827954,-8.00096504214448,-4.082614196922958,1.9420140354288353,0.35357218247517075,0.593200222008053
5.3043526471217675,-0.9736257049470634,-6.149809469069256,-1.0203644938129806,6.4103465563739315,4.552098184538014,5.153364037563976,-6.547680351559925,-5.468455320187752,-4.103371251126732,-3.781421862287761,0.7476474113128114
12.3238876260204,2.2250659254314025,-0.0631693412284191,-2.9059785306873116,5.181701608144722,5.697132730113863,5.02734561972653,-6.30218768779064,-6.538102647664742,-6.028524254331364,-10.726490736147225,-5.44221478240286
6.806891413683395,2.2222023773490505,5.515707741207599,2.5350554659438176,2.9151389174102667,3.051199539290051,6.776014492845843,-11.003922256494644,-4.598166990144516,-0.656498860997369,-12.744976629597184,-5.966114489340627
2.6274992876371135,5.778731738030376,3.5530690676866414,-6.660621889816999,-7.714226482617442,-0.6461264034110367,-3.8287941559470893,-12.314186878011784,-1.836504428467157,-1.386963957987859,-10.262078856320777,-1.8604832431822111
3.7226213158661725,5.4297919114481985,-6.890655572789711,-16.85358526971833,-6.727660550213095,-3.085749132341954,2.1261717805522964,-10.059579519439364,8.228481114188646,-0.24778879049775915,-7.643460080085474,-12.989903735808374
-4.907017908724136,5.744458821429765,1.1640583926359893,-4.784139180298785,-9.501767506349601,3.657403777331779,-15.951323108974504,-29.48195285352377,11.566743104006783,-3.0356153334768967,-7.842783371663886,-12.956396351373135
-2.968392727127916,3.953084751196831,-11.917946678685581,1.1105984516615943,-5.790754614859949,1.6234539958753904,-21.136430788191216,-43.2037286331342,12.81902593355019,-5.6214536669514406,-9.347337939719047,-23.17516922148227
-9.51765922591452,7.7360473806138526,-4.928873734024022,-14.784451406928842,-8.119572529790407,-1.495976273075502,-19.90131228147308,-17.526186574633392,-0.21466891825774237,-13.4638549216833,-0.16518459312748845,-24.31194038152975
