0.1473571906502098,-4.77706713184425,-18.44847584474813,35.48081119626112,13.473966032182675,0.09257075006274973,-12.911863776712432,-14.1459177192136,0.18577147424075724,-4.5087409461827415,1.2513603738282413,-5.203603993947306
-2.2049974451569687,-6.455274188029394,-0.32794024378142606,34.95598829044404,-1.623192482613276,1.143051818628494,-5.163039513540174,-9.269380656374114,-1.824124878813035,8.925334650887372,-10.88240576675475,-24.500878922287328
1.3644756718132287,4.634552937395202,-1.2199053046945627,33.18416734594901,-5.32717246350614,0.6247802092631065,5.071990065589545,28.139052751431734,2.8979268288813036,1.4368920700891517,14.09096747154327,1.3616430861826894
-3.99063638892944,8.418240365884927,-13.12368029197204,18.189673227881308,-2.3906412278483504,2.2606592407236024,-6.970860466452838,3.3549904713196135,0.08660294433335598,5.825811687187781,17.677409053785027,6.473995528670915
0.4770741484547595,2.57658423731718,-6.3065914223509685,8.94600958587791,-0.14748780417270724,3.1028440140039093,-9.137245156655984,-0.8700263137576583,-1.2402343335885995,7.259352313834579,5.639082297176558,4.7363676722340164
5.836767435509555,-0.6175201925620363,-26.206819264469072,-1.5433270000971384,-4.342832370202702,1.1340162306531265,-2.7426610124832194,12.280771593716851,5.802418222185418,2.1405798782974466,-7.640469416503848,-8.904162845370664
-5.498763774593147,-4.6633546924683325,3.7839487447182187,-2.355711667609386,-2.2587597213756174,-0.5783646457936004,4.225447044181834,1.1563394058076435,-9.871505887296657,4.224706277985972,7.698022200749134,0.9450732225339603
-6.288175202662887,4.603636349301127,6.6192028975260495,-6.637140915670947,-5.266432043952828,-10.545692529139384,0.5999524328490513,-24.645896708144953,-3.8806201872747916,0.3798691227161455,9.07144736422904,-5.98539419092642
-5.252998463562444,3.446523116624978,-2.3024314450080197,0.8174269789971915,0.8463596186605074,-2.4475941300421202,10.72330710344922,-10.52973460726527,4.9679258323890565,-2.1547465056320583,3.822069890629046,1.5639441151132407
0.7940406994653113,3.638220861494303,0.4394249491955184,-0.4054742832750051,6.771838316812039,-1.223402837549057,6.573488123768872,-4.077704525783078,3.4890577981507183,0.1074869661383705,3.572328612265619,4.285308782780338
0.359138824161388,5.997223505742284,-2.019961896982176,-10.650423313032386,1.5188177672381618,-1.791824577825761,-0.3557757359027614,-19.809274632981165,-1.2887442358198293,-7.210574731151447,5.415368505104472,3.5105066849760638
2.2321521008062364,-5.752731610383855,0.8688727141558097,-7.009450370463543,-0.10757220478990993,6.018415580020682,7.230983270572012,-16.095279543317325,-4.418897592622716,2.641057397321955,0.21734099718185296,-4.585770375497839
0.47885921099233936,-6.205334135965834,1.6849693627374038,-10.908882145393125,-7.136567354450385,3.190585775445118,18.905915756538587,-11.961813038132071,-1.4561380827480712,2.9855608519928873,-7.7794590459636765,-7.253094205500778
-5.503354079340294,-0.4012328946174874,-1.1203709986193886,-5.300006576337275,0.07672134431346658,0.27077659902414564,12.547539065511998,-10.709914702898839,-0.9186005381435965,-1.18657934133206,-5.509722033064328,1.8143329134422204
4.504322195392394,0.5828872106884433,-2.2365823713501927,-7.637199638704469,1.0833403939796866,1.4667189452903382,7.239116009915058,-3.190840959726649,-0.9293752636291501,-4.3788544988259535,-7.193281561531111,2.2263423296365046
0.9055670484159088,4.765737590088703,-1.090250750201745,-9.269982515542258,-1.4182643343118841,0.7180556240146975,13.416377035046178,-6.42295460432672,-3.0188874901191722,-4.877275529601272,-10.818674048369372,-7.41278514707898
3.128020647636113,2.0925965858802775,-3.735364990128779,-8.494966666186974,0.028345106248715196,0.3848115807284619,3.7320214028676335,-7.731673801315058,-0.9975669114669237,-4.778144117029014,-5.28695603701659,-7.292422483207195
5.275130966805046,1.7510996568076642,3.302655337002205,-7.69778274724307,-3.6197039746096706,-1.1373394720481915,-3.1489572104714587,-10.015852050335395,-2.9566654646067887,-1.3485867540423204,-7.656511359913512,-6.2355522158419205
1.5178412618078099,1.5272955927037621,1.3740317848053665,-13.3938535861015,-0.4318998068606926,-0.665428786496393,-6.451804335238067,-9.324785910067225,-2.47413792943984,-1.408145730664584,-6.136855138807178,-3.162632320046402
-3.5504607698776147,-1.7084495371217008,1.8616657451801502,-31.07055141165973,1.3324563797886562,7.308245905961938,-9.432323993203248,2.0263569566978625,4.105190686867981,-2.9945759274654695,-7.049060075965222,-12.40504832360499
