-15.065691681540454,11.3958388036697,-15.47146146830578,39.245773460699134,-11.25583824722673,1.2141121444488232,-14.764148953926117,38.20357267398157,-6.364140611516593,11.165511698178399,0.7604875384073583,6.771350693858934
2.230217373072687,4.4552927640164866,-3.3746375923660255,17.805062011249355,2.573089934904034,-2.629400602514991,-14.575488672489087,7.985186634541632,-13.241440331650566,5.544710589821919,5.215373960640713,9.312138274205532
4.6013826601871655,-0.22263481685874398,-3.3105132833222193,8.986619455319572,1.4994087736878527,-5.4610389997719375,-9.9570567507276,-0.385200421730525,-2.912283166902645,5.8448907846131295,7.343712147762542,3.419438811550563
2.002852604425926,-5.9735685598949955,-4.322089152767225,8.933984300868392,-2.57743753999779,-5.241196323829402,0.6398434977686441,-5.810866928459647,1.2699347473469416,3.257202180871549,7.676813337606498,-1.6344959727578416
0.4836280252763163,2.105514990240252,-5.012869689281479,-2.631260643019807,-2.232113160891242,-2.8808080754706644,0.5514844535042455,-5.324122529319925,2.273474820876795,-1.4586059685089359,7.8278353079025464,3.636123274349929
1.992389522088888,-0.1334769117979464,6.468606272378928,14.024353042050251,1.224107973770096,-0.9777560765414219,2.6248563120698103,5.036389604503506,1.0030218428810878,1.3955605233782633,2.963998442354396,2.814323195364329
-6.318030909889055,3.8177502338497042,-6.4805410320545835,-9.669143049583743,5.527377002947689,0.47979950603882227,2.9908707572504127,-14.152752979587614,2.719810460794541,-9.65152327867821,16.925223884603906,7.834324832174115
-1.5770409471523332,-1.3330336037341226,-8.016634242626642,-17.03740506419931,6.723729623699585,5.349579746352059,-2.9954029221234437,-12.208167015140537,-3.678403609134698,-5.3957577567903,14.407793494434344,8.402476374564277
0.7565627671155841,-3.0512229243303413,2.760011957402955,-0.7234572210616396,-2.4064525849392044,4.981959749477876,9.528080450238399,-17.39643866866822,-2.8436314293916043,2.81624234544058,5.9419150292110885,-10.672770601903924
7.524583692770911,-1.4188692648372587,1.1719635690002592,-5.442132503433924,-1.7740270479837694,4.3854044556129095,9.460145387285772,-1.6108892863836681,0.708081518488539,-5.252848293930683,-7.0577557245872615,-14.327468661536512
5.751478057939048,4.068342075663982,5.881305760378105,-0.4308196993735057,-0.9939367908521763,3.141641482311402,8.027240601692018,-4.376603975188233,1.6297018773640803,-5.939718929574151,-7.967262432370132,-14.767603653097316
4.0699731147589535,5.1793566017002695,6.935386644213471,2.781752438249293,4.422729160938584,-1.0627243735578216,7.902627739599057,-14.413176872827334,-9.72352272514849,-2.2222691230029534,-10.867342894045326,-19.279660182754014
-0.08983032849312904,1.042900833319798,10.808402946844222,1.4648499498820213,0.2603965118738724,1.418627660773317,3.272121726288009,-16.915695586360332,1.2859157471151281,0.7632354567368894,-8.653441691575038,-2.731740965182891
-5.787103691001209,1.2710053981596074,7.12369852044024,1.598909013498229,-1.933378129249976,0.5476661717500456,5.44787701678962,-23.61587668121334,2.692194403288111,2.076096894432468,-10.420962488802788,-4.6709054399924135
3.7048745734542528,-0.24691742472055878,-1.8274707970925206,-0.07331627995889739,1.9354601777657647,-0.30667892084169934,-11.619697546024765,-21.106269615189145,0.14872583611291673,2.4031376345506468,-7.150426385382077,-6.514905081681552
5.3429768818976555,-5.314508643244024,-8.218883582090404,-5.389783011446766,7.214900711616702,1.1772716101542415,-13.833029031397706,-31.51494572017898,-1.077113390717651,6.560653231945462,-6.2054019090864125,-3.407825763794392
