-3.447183787300225,8.252476436574954,-4.8411946002674515,-2.0671703402966095,-9.036531558088194,0.7968011527206944,2.0384767175864402,-3.226893350117816,2.24371190285546,1.2434806826658569,-7.634255161692426,4.948266789751354
-1.5440021204164864,1.2091782185147857,9.246106257758605,6.219010815409536,-6.697165992505372,7.763469136305297,21.99027591466427,-4.851229126550192,-3.0696288885304908,-3.764804514173635,-17.539645866986135,26.662021746599038
0.7826345589289856,2.2606938567855384,4.117511411383644,18.640999843405698,-4.400062854700847,-2.3980335234454686,10.257888997195938,1.5800397682535563,1.5404702782756134,-0.3487285506287233,-6.303855755920658,11.932700317145834
1.1867589650755195,-1.8288784071551447,-0.136483638336167,20.477495927952955,-3.9916610580094343,0.5752010360925923,19.19119230284597,16.03863425341216,-8.453573229600927,-4.461140339974173,-7.151501071738469,26.09605804429562
-5.21702276559836,-0.7477729741028191,-3.5255642064855115,20.687744248741726,-8.79006000812845,-3.6812791767911937,10.011827493645853,22.0352564649132,0.6374802908481172,-4.30203201302264,-10.128049681768571,26.287606413664367
1.4741191709258863,5.110967096012997,-5.954781151317965,-3.3674085566194574,0.5345344098311813,0.5996864430157685,4.540546887606369,7.484984693302393,2.533516031742339,-6.06077286659251,-3.8862673129218175,-3.7679733334856533
-2.637718053389238,-2.323767534368404,-13.560503758641296,-2.684008033656577,11.011723700974608,2.073210354153397,6.3937468391990935,-16.04159976209234,-2.6451842847212013,-2.635200028253094,14.010426235672304,1.6512839196980338
-15.079239428564659,7.292224745287935,-19.39500065729508,-1.451118465581029,15.105724534521764,-1.3093775670496834,14.22355689495739,-35.87739546623579,6.698206612523499,-10.768186814826954,19.157353457949142,-0.855843451268254
-5.931399639996433,9.88346730873954,-10.459711991773103,3.410717947676419,7.511685725580454,-9.544324525477252,-3.804695126855867,-31.784103522291137,4.452866774660301,-8.274574218821616,12.88546112109434,-17.225774037310398
-6.728428566484692,1.4427049406403745,-13.73989050208626,7.82961163714456,7.022429303904792,0.9638829443489346,8.647240675225326,-35.924909484559116,11.525470926297272,-5.433566575312866,6.463494698777528,-20.312911834345343
-9.9166130230005,2.439317186135835,-5.203648580613507,-1.851510090436955,9.987982686958105,-0.6921643283671503,-2.240642251424568,-23.824999396443065,3.692716233989369,-0.3599720294378965,-4.506145201914285,-26.94901111655031
-11.16001409450646,8.0516703198373,-12.886915692155135,5.417432745954115,4.53668579125118,0.9508160068235152,-2.941523425359012,-24.41199753480923,-0.919189112027512,-1.9061867203197567,10.600556912455788,-24.22057132972714
-3.350997199457359,2.3047204995594024,-0.31531444203333425,-7.520445423241691,1.2307468574691525,-3.6569293711826307,0.9356602191627198,-12.436789094761385,-2.78524791700089,1.098193520350521,4.866141771710871,-24.137926646270387
-2.8614029359593873,2.964304867995101,-2.478148192767878,-19.405543728538937,6.969627869277325,0.8362915657114449,-7.970655562122442,-14.692513072403955,-5.913518919612281,-4.532565935255881,9.49407526019369,-17.840110428405705
-7.597706625472631,2.6478083771212333,-5.005398740986799,-19.523309552501352,5.655638037150314,3.8343774113081945,-13.285369367780222,-16.424494161021062,7.020234052084535,0.7867031111302314,5.467507478910603,-14.08786998862887
-14.94442230046544,2.3365696106488008,2.4315120495003812,-18.12382361951203,10.9994829862325,0.08913822806015204,-8.364242104855679,-22.40029916675392,4.827656183304011,-1.5605389850660147,13.592123311368658,-15.633565560396793
-10.230592558640096,6.56486195120089,1.0604508868351967,-0.30255352825812487,3.838687426374921,3.4689821849743288,-14.926965695799819,-14.813964768646944,13.202641256490061,-5.353140632646533,18.0443156983411,-25.000089893665233
-5.250800273468906,1.6787228429889902,15.59826652210646,11.141066747268983,-1.9925836894886566,12.220261212160686,-17.052506151376715,-37.20985088998006,8.382742578931548,-8.20687354446461,4.702520960686725,-24.779931064048327
-4.757164786981495,0.8140856862839474,0.6150971284567808,7.701234362560717,3.0666152853501747,-0.44563068274695894,-9.832460408631212,-21.822586444029383,-3.7501484708907844,-7.685924798332839,7.831106793916551,-17.293243636719943
0.04489148376250718,3.2680672258532883,-9.402508285408032,0.7023717196103627,3.31251638769314,3.4290372964954345,7.056861309716949,-29.088410497406677,-0.7125733356647652,-11.890875999739315,-8.787090673734607,-15.723625203127312
-9.333359043798977,8.418296304306505,-8.527808341582027,4.135910064272796,4.118162324560322,1.1313201484283477,4.72988226021278,-29.959006140708972,-0.33992118891027356,-9.51152398327234,-3.5959368856743,-12.996574226957822
-2.5036509400589964,1.8568968811762474,-9.678416045848763,-0.32342139440299444,0.9768906979017293,7.950342811852027,2.6162550295529825,-23.279093059455008,0.32956684928641167,-9.459383617556615,-4.212865156658905,-17.315862464441704
-2.9352315557481106,5.502638370790706,-7.567004224514233,-9.96869359830244,-0.5203495731998706,4.909966966304156,-1.0873119837485032,-21.155408842132942,-0.5578142237085579,-10.101674625179852,-5.810761398991508,-6.472577261860167
-7.33073579825094,11.890562715389745,-0.4138217478616122,-12.675115261162183,-3.3856601811320153,2.2661504737518907,-1.1648091678610784,-21.158593240644837,-7.955790413524514,-15.655028255854562,0.1112969387720728,-10.572729304988279
