-19.233387174539182,6.748119389624007,-4.236464233294289,-6.818085006435532,11.541424453151587,3.0580777905531455,-12.758444803470061,-4.998181875457998,3.376098379567254,5.072075514472913,-12.045513237930749,20.71401659705807
-0.823980937552458,-9.242234488758854,15.350119174273964,5.063421189240509,-3.233828118337599,-9.284680969527566,6.850897038304436,5.782392504693366,-2.4613141051570833,-8.188336182825417,-3.6759505931956,4.240084975034636
-1.0835274297945965,-2.8207744730190867,6.385736872468893,15.370506533786392,-6.380670347599487,-2.4521108259748656,-2.77162324679691,2.9955136622293255,0.08357533672752437,-4.542850488055022,4.037793400445325,7.0526164102981515
-3.3386905635520012,3.3974623610775554,2.806562578721852,-5.283674999547792,-0.7231235758210031,2.4236335184244417,-5.938256394678738,-7.964854214078867,-1.3785242505926898,-1.5770484866685308,-8.620509204027348,12.623783545212834
0.4167216183508984,2.8639143062490326,-9.601572452898399,-12.331436931376322,-0.34532928067602997,0.003999240140543203,-1.1451766340305456,-23.468278204864788,4.494305486461645,-0.7832929403110693,-12.06955330779035,5.863426316572505
-4.192295087398248,6.448009636087622,-2.804711975516449,-16.47821245119453,-2.9553594935312018,4.949245764294319,-18.92352449373394,-11.335145155033752,3.5395421555942033,-6.763381827697789,-2.95527883585853,-8.366637797789295
-0.9879284587252868,6.1867333728913225,-7.668764090033585,-19.091818073355316,9.837918319319678,-0.41886607334348736,5.106761967640079,-15.773782527493127,-0.5274107595277022,-4.850230854727444,8.586063242811056,3.352802221148262
-6.066707113685697,1.2505891773044087,0.07023454208939447,-23.752496651113056,6.061074489054484,-0.7562865726431792,5.571030960848233E-4,-28.46580421090272,-3.8519131380874323,-0.5489418866433378,11.943207737116763,17.39110526659052
-7.854906355678948,0.15456398605008137,5.088041862074783,-26.430037839021303,1.921865712857981,-1.9273053399917006,-6.951804679415091,-25.15145090234789,4.598313252412139,2.8240126717115173,11.691539609776353,15.56541707300032
-0.9905375484015948,-0.9572033060028983,1.0310455601598185,-8.599285813365196,3.4061892942644727,4.244815471055227,-10.905635374333803,-30.908093941277546,2.2145610077816453,-2.4105335974555944,8.251946499363974,3.275702987212453
-9.333087194068879,9.176427527539165,-18.301034226872826,13.116563227880606,3.4674871049759903,-1.9058986867504037,1.3275738046896732,-37.69034684469866,5.069691250290625,-9.292810912529333,12.281682227446703,-16.612225162148956
-10.689410511012056,0.8309351362339901,-19.175412387023275,14.478563689371848,4.164156112854685,1.7141566058380955,5.112905683443036,-30.30828881399338,10.98021471520731,-2.8284648684856486,20.025004276232007,-21.99177064637833
-11.01658111729769,0.5930387432261135,-18.506330655899465,5.34852608930302,7.269060967244535,2.729203726072188,14.556969763688539,-27.877484531784244,5.726691000529939,-3.4106253326880247,13.818520883382098,-2.432711135258696
-6.147172022295886,-0.06445426132873955,-18.101250848864964,10.988587532826514,4.449786106886966,3.0453568394681594,18.059664969592575,-19.57292854839479,4.553743773252533,0.13134605964786505,14.078259023227115,-6.7106980147857875
-4.379370841390959,-0.4258337202338911,-12.012729857781581,24.054089200220538,2.2501637642874677,5.8939986607524775,7.424946562833667,-17.52876532082762,0.10835594950098937,7.069914413284108,12.315938115484256,-10.989197521884892
-0.08935894992038929,2.929240809147167,1.6789423173640383,11.530855119300046,-5.221625036720829,1.7433877273147496,13.819107371251125,-17.893100097578202,3.345238429893185,2.213710401782735,5.559767801220421,-13.118000873264872
0.022993284789222912,4.250498439940724,6.611810801041948,11.016102350833131,-6.649520171773908,-1.2286686760568715,10.304619031626416,-20.82852769122404,0.9227799306416116,1.2881623486053844,-8.680717728300202,-11.113764382788553
0.21736311528565366,1.4404896282371031,-0.1932228170744592,-3.9283830164868867,-6.03718683876234,1.1452866584769636,6.082591074527587,-19.208305257745476,2.036223445032202,0.002676252099022669,-6.510364405161771,-0.5424450623359571
3.8438605870445883,1.4230080292285767,-3.8095130859270747,-8.813997428264798,-1.4272513003156329,4.822462414751889,10.05736307412576,-14.265240635032011,3.592720848516133,1.6478076717958086,-5.553842264859533,1.7836687127981392
-2.163073195041613,5.678254082045583,-8.080196424400393,-21.825640191888457,3.3767757217101204,-0.715652086827565,4.854652363544181,-21.409682323210145,-1.4379756808614923,-3.1576316974420604,-10.61926945143202,4.95926409035831
