-13.373004395254746,3.5934243416721188,-5.663816146328,7.693431870739822,-0.612641579021842,3.8272782545955044,-5.812622365993283,-38.639491533393475,-1.6020738727307955,-0.718928059122216,0.4412157476112313,-30.473595935876478
7.707990293780717,0.17765510073028568,-0.9551546983216295,9.007012318512112,7.245811012943431,0.16788530264024257,-16.367980101292513,-17.85246356465544,2.852999712697397,-7.415353295143136,-19.551408994923662,-12.353935721931254
3.1975428059363478,2.7184804508546803,9.70921614811117,11.60383343766174,2.352325781075525,6.617503774974361,-3.1234924048929718,3.9081769683434318,7.248016341033458,-1.031346520816782,-0.3468767120015628,10.356770161482292
4.977719291482492,-3.401117915568629,11.39167497353132,11.550601160916928,0.556618495074766,4.329977296279187,-1.0531699300096642,-4.996049762431273,0.5970649704748601,-1.332729683767244,-3.6336965491329485,11.076839186621957
2.0828686684105113,-0.879949386129705,10.158282565554837,4.793981629252116,-3.7573711123546625,6.447785112206044,-5.488921677987224,-3.054877952424324,-1.309483875440674,-0.8959444102715254,-6.190531364261026,7.6990992536366445
3.3249131747964227,-6.012291206537552,10.456309912810477,16.367693432026503,-2.513440028060177,2.4217076314557437,4.365763110160046,4.189362281324304,-1.2129417349717797,-3.413558674001999,3.965680413140417,10.029427439353643
5.444845997591153,-8.244429369459787,12.710616484531426,11.489387254102986,-2.9600793792902325,-0.7636641086954239,-1.4039229255057046,-3.5382615058545324,1.4580299795747624,-5.0989388989472415,-4.348796852190015,6.4049516244027105
4.533441061040035,-3.5971829597686775,8.091842949619172,5.802001765308495,-3.921926512873257,-0.10572493193381632,-3.216281421863227,-11.090038510341532,0.6633034345146775,-0.7499374872750558,-12.755211649934783,6.001549596935564
4.236951807242123,2.149219346886607,6.141100129380018,-4.495348839957023,-8.983745257687989,-1.292361040783352,-4.741087302109072,-21.047851582896918,1.1361786704858765,-3.414127639450517,-12.873359708519597,1.7790189871652018
11.827867164562496,2.7072810549081052,4.9787771964577825,0.7132782744945871,-8.606044766676275,-2.290655569324043,-13.84773975413083,-22.634216727780657,3.3942411489195283,-1.8625450740587741,-18.386912536292694,-0.32875674794864196
5.148303534827262,-1.6558072151024836,4.491437048296277,-4.697252407394302,-2.3136225842599423,-1.7705058776783031,-10.267611775945738,-26.546195714537046,-1.0962493828600288,-1.2873273344713239,-7.529241529555127,3.4721757215374325
