-5.738119491909835,-2.115063943455638,3.143728431757234,-10.151560130554978,-8.764901972409538,13.443740901027786,-9.131098363989715,-13.94501776694555,-2.2767494123503753,-3.7985685734183114,-21.824684053886497,-11.054366133339515
4.910245037110522,-0.9408305806806583,6.318391843316567,2.9808015026908903,10.777742397194022,-4.991104698469918,-0.26170451932769795,-2.9761779981557845,1.0879333769171127,4.112251803345731,-20.783634732823487,6.792520313814968
-0.5188908187986907,2.215172479312462,10.570200394921132,12.210139567291753,13.408317696475258,1.7527679541484316,1.3079471982009478,-1.3044211052160275,7.475179038591264,10.639902995452138,-15.121483092793547,9.930270130135902
6.175204093321674,0.43952509263996054,11.181066592161674,16.496115240856223,2.8085962268991107,-0.6822938398682254,4.228611554787404,6.720442251828155,-3.288667141760413,-3.693712407015694,-4.584116035793976,6.362081767047149
2.490659910601087,-3.2055592590024062,8.592454814473344,6.976007520216745,-1.227633840110065,6.359668004037013,0.46120543575131207,3.9305298136687226,2.679363346040054,-1.5800963911181203,-1.2144946601818158,5.15280033442572
-1.070117496990059,4.70844898808552,6.810663698364961,18.246220387976976,0.2206349365405347,6.010644533883054,2.438021755390034,10.013510912419829,-3.1901998502697206,0.02454346039219024,-0.7730460178728045,11.926142269846267
3.1304756716032394,-1.5079994484910488,14.326973405225418,3.917154936400736,-4.562810660522488,0.7480756139564453,1.3497471343632825,-4.830467827870576,-2.021799506934471,-1.2518828307569496,-4.737525433296384,5.602937762064064
-1.9582421371456822,-4.306287228886458,6.51524522885193,3.1612548071889526,-3.7096470629642053,0.6148050543497765,-3.4242101802925187,-5.122678705327233,3.7379953742207936,-2.739329790925487,-7.484714585638279,3.804435441353587
0.20974177070820854,0.0031851481605902343,3.6787574246278942,3.259434620539822,-6.118732789109166,-0.2553753110090068,0.3172279027956151,-8.528740904001904,-3.270096500221885,-6.1143101748947615,-10.229740870795872,5.814964051915968
1.8688657428026745,1.8840298174591663,3.8171101185918173,2.2722007842757566,-3.9091166040945198,-0.3854484573201501,1.2487697681654408,-6.760213356422226,-0.1584615325632055,-3.6059633145153747,-1.956393039657217,2.006399085649995
-1.0998434330852263,3.151458522212854,1.3205645240036596,-2.1088675788243734,-4.544089085312461,-1.4326702412381884,-0.028585077929689506,-14.435597791366948,3.983739715642991,-2.3416975935933544,-6.594453350318077,2.2929822578189043
