-2.7320094838570537,3.3055371930753,-1.3950328789943853,2.734606397930059,-1.3762365608585712,3.1525166372624547,-9.468450843739124,2.2486706618271577,5.041166660021967,-0.8851192430644588,20.756990910555466,-23.793631873943188
-10.184551823667277,2.5573630506430156,2.340522933852852,5.069653093913703,-1.6873596874752095,1.586563796485844,-10.095741453607687,-5.71780822355767,-3.6195470533628207,-0.4393095400965459,11.699056049683499,-12.896646395152011
2.9696039514715995,0.02987374526903941,-8.359083498556926,-11.738857775238511,3.7779252800103627,-1.5113845529930505,0.45219023504176115,-0.9774762434430843,-0.3688252036612192,0.6391469845616815,-0.5146446745806936,-3.3954951999983485
0.6266474222942384,4.717323696847048,-9.93465549921047,2.2306398878700353,5.445791076348448,-0.6857853811067729,-5.487033939529159,-25.27865455188277,-0.10707335943947549,0.5432675503602706,2.3273664591093235,-0.7920215109465487
-0.003489797741307976,7.770737794223012,-4.540742863134768,10.425448719029376,3.147609153174515,2.1279720248069296,-12.580973009012133,-12.12669455107914,-0.4097630778642448,-4.672901512338411,-6.2558180003262525,3.333662550855916
10.653248708682444,3.2869896975676296,6.414213645170811,21.416991229375277,-2.8516182602748126,5.738531546906041,-2.3468691540760864,-2.644504459100625,4.73290593310451,0.5905365073823685,-15.397980650482333,-4.274038740724196
14.780288808965473,7.593099651370827,10.248269317571028,10.176720802249221,2.09319802283591,2.120504067192668,6.823300825077462,4.575914276033325,1.8522205513197587,0.5873618311403306,-12.446582045867606,-4.384856141098824
2.108622608437596,2.944763412618142,-1.8386735389457733,8.70690642240856,-2.8343873418282035,-1.9921637710854574,-4.880944388392593,-10.299761330758674,6.1286192519922755,-4.173049376108583,0.7404785060159025,-5.509779732496082
-1.4297387998422266,8.861347327293643,-6.897569918839125,1.3537597482904111,-4.4166590309086775,-0.8696568116418398,-6.131013510589584,-27.90544621600843,4.7270970906356755,-7.620816467209994,5.398571512668757,-9.151320499452858
-2.607184360204805,12.21927768595326,-9.836684663625224,-8.956149099686748,-4.407655267048325,-3.9027706339415382,-11.367612032648461,-12.521167628770721,13.044750006488401,0.8415390807524163,19.221245172816836,-15.152224626277231
0.5803147403491629,7.475425055545153,-0.3182492901909848,-17.281304738538367,-8.28062637918376,-3.0633062609346773,-16.945310342489503,-6.59819205249002,9.442230953299234,-1.6152182560009498,24.463883865907963,-15.4323926724954
