0.529155049394878,0.8786068832499867,0.11491021044470129,-1.2106148108048909,0.5029280584307166,0.4871558310501953,-6.236143786997069,-8.455481612442428,2.806193598216338,-2.8265821058561125,2.202870377056308,0.019192412352564636
-14.216942281365021,4.537424923842124,-9.0740016358447,5.560934500164558,0.931441074845073,1.3523423312348317,-1.9417355172580826,-21.67049091593305,4.015421928081367,3.8091303174560576,5.435470345038606,-6.086401608332368
-3.237966283758359,-0.023872600950861633,2.2189554765846085,11.702412651111791,-2.0334021283083876,3.490342499419489,-6.731376011882551,-21.542684259583353,-0.49789084081733115,2.4182328330696263,-9.193416168402988,-6.66142288854374
14.568508893991014,5.084536662382666,13.424566715066618,23.064191273599906,0.10099951996665923,7.819935859034931,4.475820488819531,-0.05379952741078897,1.4473612092538564,-5.229828186931925,-4.996799941745462,4.963589155412899
6.1032226987747835,2.9539689932712765,9.267472655977059,21.457571775672584,-0.43987598801133165,2.8569922186565346,4.133994159599256,-13.533496279102533,4.897055735790241,-5.733134482825347,1.736301845454629,-3.729379525455612
-3.000135337921064,4.555144488543915,-8.289088024192388,9.082461320498474,-5.795517222984628,-0.7529494044172691,-3.7817387284537847,-17.219583857224816,12.93150599641567,-2.2927824659580605,1.6960004657783694,-11.897717815630948
-5.056416179095549,9.94942946263337,-5.275415889638603,0.11134000202953143,-9.193241038912506,2.5335376527883557,-5.218975308001205,-25.605118805036454,10.876907204891069,-7.6392265491625295,-0.6782216794861391,-15.16866473340906
2.0741492700372213,9.470096164652425,-7.726180773984399,-4.833027147303167,-3.58803366445157,-4.194528536697148,-14.681112261437203,-23.410125519617512,12.549109276241358,-0.9407515247053411,15.258047381481665,-12.734850036539203
-3.5212766335328407,6.568299579431899,1.550201964638192,-13.332002965148522,-7.43035010127911,2.5573195882903414,-16.465800375385875,-15.74900498961816,12.820696861741666,-0.26392282242502496,16.600138606623176,-11.042418089459288
-4.398529221014094,6.636286222441803,-2.2230885751691174,-11.397476889420044,-9.176533805816842,-0.5703161348158986,-30.863065446633843,-11.995013194096053,14.613401433427963,-0.6452770105066152,18.698589048503557,-27.300880312640594
-6.105131515561444,-2.951378115357774,4.667486732314549,-7.360969161157977,-8.345657220189057,-2.2654281466115105,-16.079642232086233,-9.679783509075968,0.4878292786181233,-2.2211861210025017,22.589528831862598,-22.168911936860827
