18.045084343415652,-4.058717451619389,-17.657466751923742,1.1975388913819083,2.0936174514079138,-5.77754878873645,-23.799679867131637,-7.492240765221613,6.078483775924656,2.8544112904267704,-0.644233634100003,-1.2081156933391135
-0.7918485355995193,3.4946231198073057,-12.54863529690706,-16.948869715934798,0.18845322131772502,-4.017596444642423,-3.3551558445463345,-7.15134787737415,0.41855592841320277,-10.366447505556131,6.58170452056292,-5.745047900897892
10.298029512119989,1.0610518098416373,-17.933763550813712,-14.623806364647976,4.282576943303402,4.827277969066786,-2.533099535613807,-27.08798597879644,-1.3418833402591317,-3.445036915670002,8.988296106480796,-3.180190761066603
0.08202487798693658,-1.1508125658795172,-0.22017254713724865,3.5554427722010615,-5.547929127351048,-1.1770481056112834,4.242269694845282,-25.3984899189416,-1.0643613691809675,-4.807287839309249,-0.6927654836515007,-9.176178480611783
-7.603451180776614,-0.4098889247849238,4.0994974471860175,3.724130149377456,-3.084716803372543,-0.4316533044721642,4.832782293524274,-18.16053898781487,6.201572331599254,-1.4275294153108333,-0.4009793633749701,-7.988715894150159
-3.73490458113028,4.5839046639909125,4.252943662650101,-0.09882730500191883,-0.08616011889199815,3.127619545112853,-1.8364993375800243,-10.345836842830273,-3.114360046465456,-0.6673822762378845,-3.4130054505563847,-9.378450276479745
-1.5040823207174423,4.494600160683803,2.610646053230939,-9.210301326395928,-2.557931872849628,-1.5286975269835996,-14.537650158451727,-1.2952645469143458,-2.072953986169931,0.043938243116086184,0.24069752617450302,9.145172925913721
4.046334306154504,1.0913627864245907,4.388365160349277,-4.712029276155795,-1.093825397372449,1.0615897953531057,-4.248973657586314,-2.919711789278301,4.160521357019462,-2.1361192485076557,1.3744989198904491,8.670820902958262
12.29866613877972,-1.7470390442681603,2.5836664384009955,8.702575049329065,-0.5152638086407,3.139613896410759,-0.3602665516029231,3.4340099220969824,3.293427588972153,-1.6853821015967798,6.6297708731753575,10.08667089178962
10.278251516923989,-3.1088686084252193,4.504231990688546,-5.3966239774124025,-6.786496003722522,-1.9412395388836676,-3.4557012184053235,4.2023264327073155,1.1773830302731862,-0.046286165005150925,12.231427340352031,4.66786920860617
6.320324428081898,1.0223138780373442,-11.261081103890215,-4.205090988679045,-3.5421219633961822,0.9597560065228452,6.4197541803497815,-5.478765695189589,2.5480237933861494,-4.722655983997772,7.8105922712034825,-14.480090157687613
-7.696877121084711,6.88575885223378,-2.300302629304155,-3.46594703430507,1.4559392404624503,-0.3073973269702361,-4.99277277257326,-10.53696872487721,3.7240534633145144,-2.121849175782298,8.657541548397287,0.7328656564162634
-12.196679420265795,3.1133289247322002,-2.1211494975626515,0.3496081104378246,3.1240485350466476,-4.835562558260246,0.4449324130783934,-16.497181234756663,3.797961828995342,-0.33611122245650815,-5.0319136955920065,4.392314826193699
-6.74682162408113,4.9126967345232995,-5.271116488843861,-1.8953208476792849,2.3643194262533527,-2.806705370375311,-3.1035970373904562,-19.950279557402418,1.2597079020710344,1.641013850223346,-6.799620427377391,2.3700662347151384
-2.9937212483963274,8.441572017667943,-6.3026489119901035,-1.8568594348512653,1.7013779798572064,0.8079288123100383,-12.10041706173427,-17.50179755379935,-2.216940216662347,-6.389554454576648,-6.474633281518278,-7.399628497531049
0.32676472689303004,6.142053402854982,-5.9193232901854,7.263236896080907,8.057058993524025,0.37414932894094965,-13.221925754602509,-6.60355894874535,3.778097689214787,-4.912586765169099,-14.241366395951701,-3.353020612748641
