-10.752764421186743,8.885761149721008,0.5708911553664695,-5.937828881563196,3.35638616057929,5.319100527715591,11.161708587356856,-21.86529360475051,0.560423935138664,-13.047761469899047,-9.339967218698922,-3.6188520892989935
-6.711265723225921,-0.3978721115302206,-0.3616486124181266,0.38533270339941295,-0.21551530663254947,-0.4762009560046575,9.681338924697796,-27.683023435665568,2.8234316757875053,-2.8354162805148495,-5.014320421132652,-4.310735083901619
2.163733886593838,6.010631035369471,-9.467972250796446,1.3716341827022283,10.811737583701625,0.14627741688102525,-8.1541736673831,-13.196848953031092,0.43955524316241545,-7.349040663868427,-17.41089132775685,-3.9957096891531485
-16.767646216297678,2.3489389850642115,-5.819535620099204,5.21154795338834,-8.364207634207169,11.691068086439692,-6.213211826276621,-3.002930621187449,0.5347792114222463,-0.8170747540311738,-18.801988047345525,1.697593612195659
-2.8326768094394636,5.328825477842838,-4.224007480372655,-10.01453330195392,-11.223679365913814,-0.30950484043037896,-15.208211068990641,-3.035955314515922,-3.9812828102654794,-6.603305261144866,-2.3674395516660267,19.413381983022326
3.6669122917709616,-2.64680353556248,-1.2277608883512667,-2.3368816920266773,0.03604276253959571,1.5786677155601865,-13.447573028423697,-5.239205533447736,5.907775312716868,-5.903797193682239,-7.98060699236405,10.744484297141108
12.571072931421604,-1.2630443203456645,11.58249226455702,18.514208751620984,2.8767199900418268,0.9051825940399655,3.0419709440130056,2.717043893532238,0.03016040290439788,-4.681776253116553,4.855160812131107,9.61382754396536
1.7099942417794824,-2.3391630846500497,-3.0973925115536036,3.347289937577738,-5.389335796867931,-0.19529961524473166,10.079969741178394,-12.517467407377833,-5.850202962046096,-8.422568620774086,11.97347287666716,4.233967485236659
-5.043370096297205,5.30923458293912,-2.5235880385491587,-5.8178257620189475,-0.4852733613692722,-1.2613123833907043,-1.9498991574207243,-10.57547583042055,6.973514492093745,-4.24416739054257,3.706014229921263,-2.6350348894830695
-8.468723568499483,4.423152332874781,-0.7103673259457297,-3.027394367986894,2.903219005932194,-1.0085795464437826,-1.8773361767883476,-13.409750364957139,1.1907903442836607,-2.147883225982887,-2.330138033885669,2.955007611485028
-7.602183892032249,5.237972349946485,-2.781955521078583,-3.7135585073407653,4.712850014823611,-2.7864845668018488,-6.002754609952111,-27.163519507396266,1.3420085278829714,1.9341679627872717,-5.835024160186567,5.0428988452097245
