7.552890274563339,1.4977747978195568,-7.941615142370056,-47.77677967919599,4.399860939304048,2.9901910761546895,-10.061768338832483,-19.69446946328472,-7.642789825818738,-6.354673227096136,-1.2582301492457506,-8.233410711949247
-8.158398582182256,-1.0333997227002465,-15.079865056621431,-25.752234465972673,14.546719215263636,2.7402977964938433,-5.527031502893692,-28.30998055633114,-7.013014740020166,0.9613980401458129,8.619777713928173,-2.619619194764958
-3.034354013750861,-5.1610499131746925,-8.367824951360763,-19.964882233782433,-0.24183888304450063,4.995539740473372,2.6217068657210727,-30.02805830077676,-4.069076415698078,-11.329550114672426,5.204646269311105,12.29811814402043
2.9972341683137365,-1.860983941569036,-1.6081278321281225,-3.169231487347189,-6.573637666376936,-0.49234428975225253,-9.792259985861119,-13.950799690134506,0.7891407154048555,-5.695133379575857,14.299376880887799,-9.36771940162022
-4.0051214903849965,-1.4494982477343201,-2.9557981955513624,10.074134016639096,-3.2702940696654204,6.5866918085179424,-10.068921089527178,-22.178331509763527,-0.9650782379935489,-1.9068399360891686,-10.885155681941407,-13.879704081787159
-4.363759904239414,-4.812231161963515,2.1345487907104883,13.365089163831708,-8.703948618675051,-0.5200408705964448,-8.578151316940842,0.9539318928915013,-2.3441648075085615,-6.539984168226082,-9.386575796583827,6.634053606224726
4.626750951546568,1.5296391486965997,8.83204624960857,4.9470350188820165,-0.22151142620300815,2.507933483296404,-1.4510201632264874,4.919207004693593,1.4567513826021796,1.38358781585879,0.777770093246732,5.629403701643129
-6.798000257070579,7.940680749822823,0.18881274179528185,10.923942239772101,-11.354022071531675,5.612530397315949,-5.50298177924621,15.306759411807814,-6.993766163462879,7.7165978736939245,-0.35696402536070915,13.256366591953153
-9.655429724210423,2.485990411385856,1.621478491391484,3.044001097678383,-4.999760177741317,-0.015270901139260325,-4.715056039490887,8.402129057545535,-3.1462216939490086,4.90845776343376,-5.300024873138585,4.910759918650663
-0.2837641717515679,5.3667490285975505,5.386414517494625,11.904133232575063,3.5958922956890893,6.437188339285477,3.682526799560625,8.128124612494107,2.8183024144515865,2.905226718566348,8.804701789978997,13.153540946615438
4.997352687461409,-2.9635152374331573,3.0328576681109274,16.820179462278066,5.185489480652576,2.9663403140691336,-1.2976300253503497,5.910744034186405,-2.052141500441424,-9.871878184120458,-8.434088983232408,3.3720505039647506
-0.35360889352993297,-2.4428653119205275,-1.239395083625555,12.217578127893326,-0.8225044302868785,4.330341433467828,4.722039096414261,5.661307089998561,-5.187746004259555,-0.7707496629079476,4.725927657937003,6.986021771266294
2.255575802462445,0.5098097552250114,1.4698204003194815,6.459629445966195,1.63482643109189,2.0135172063272417,0.9926543683107618,6.23823649657863,-1.7816647086437767,-4.136752297911055,1.358537433516812,-2.765687927566263
3.8399534960582287,-2.030269455056611,3.0151975776086695,4.421210667699078,-5.026210472001056,4.0517474057491825,1.8440799773960421,8.387588849787,-0.6374643628643796,-6.9924224084833275,-4.965049020723425,-0.24721825961363503
3.2000764345917547,-0.608844158392537,9.432497620331667,-2.7689885536067735,5.323717476935358,-7.917037000906957,-3.7553769491507856,-4.606616891679897,-4.995657168290901,-0.06461598351255549,-2.2809494754402664,2.462531622457829
-4.671896767030905,1.9653038741592832,3.073122047726293,-1.6570870055105704,-3.3019607638585065,-3.9930928307136577,-0.6634685444465235,-4.373337039152795,-0.7626131163852721,-5.369044937331285,-3.4881246125614016,2.5562794622867004
