-10.11521964269347,11.034045137119282,-20.32443581547381,4.481311957118661,-3.7913400356731772,-5.4701166620039645,2.3206480901337794,0.2913385001393203,7.328919655402785,-3.4756710871705074,32.53406842397129,-13.9838187473542
-2.2627508445070204,1.9553023100583706,-23.583214439598798,-18.467217645315117,2.239654314007249,1.370848658284746,9.652146522282596,-4.191478271422799,5.8506892668819575,-6.879479537949379,15.44416397784828,-7.666027887664086
0.11605728275755078,9.941032578845363,-3.3854297987820727,-6.613914735351924,-2.8971264378361647,-7.342959777495396,-0.3037634927451724,-37.36936464690017,9.33014213359817,-6.855081279821331,3.784353385939352,-11.562031925748526
-0.42238871674598827,1.8338531286135644,-2.5552819535296067,3.751389289112179,-1.164068331595005,6.200607216835811,-12.885447412076003,-14.071470845698446,1.7426507025830946,-5.73433072977462,-21.333014956272482,-11.544975817987073
2.6645064356341255,-4.8937342628937515,0.7274054461331587,14.917347226420295,3.40982574806701,-8.227905040632816,-4.191278502085567,4.759468611145127,5.349104101940136,-4.72681750602233,-4.621083598494954,8.414509256641223
3.8095590254018554,2.4796267338999596,7.140151803452593,15.062313648231253,7.077262829938087,1.7951678455389941,5.741161817584655,8.919538628280927,0.46404497795092,0.5678296638976392,-0.5279001237612653,12.303847522034621
5.575698536865224,4.912049637456597,11.532736815098843,23.841544223378715,3.6872456880468913,7.887052066338563,3.0927011843777654,14.788927829868312,3.7687545571475285,5.907148899387963,7.374946687111269,8.132742850152235
5.109882152586718,-3.1191784066697985,5.878309470092452,14.577176109485837,6.694220482699084,-0.383414748998896,0.5411402739278898,8.436716323380612,-1.4710157913432713,-6.647757705219755,1.3443268519465588,4.741273881562245
7.102131374089902,1.9766079977482185,5.32246603342196,15.025255381414054,8.972477596312368,-0.7301130659339502,9.918576527591929,8.793485351305906,-6.596902355846383,-4.074238720926241,-3.7844976258937097,8.280235980451044
3.112906595647155,3.3186341232520107,4.68561200273315,16.28526901653333,-6.2036129971603,-0.6855807319449225,-3.2597430976896167,13.724927112659413,-4.6644263605005545,0.31889799287556775,1.3869684556597333,12.705977968423307
4.724134277727999,-3.5579880644053627,3.3138050498295355,6.0594072369076155,-0.6300801800803701,0.2234238370439129,-0.1520672529312988,3.6158938755153622,-2.9092733479261894,-6.2676848340841085,-8.980505112892192,2.0781370292622205
1.3810148475278914,-4.602399873101295,3.0030615609660503,7.998184090577024,1.4820985741152584,-1.498542408001654,-3.3557165469433508,0.47946283175262583,-0.785997267627997,-0.3948895960094325,-5.96543736000943,4.4737280369511145
9.330009874195904,1.0001556712840376,3.6933747312027343,3.5710440084252904,-1.4775141708778174,-0.09364484079696558,3.3042328061102304,-0.8341850819256665,0.8529101779698482,-2.832530264271175,-19.087872525249164,1.0126905878680226
10.531275630239122,1.908938235273924,8.40209569531779,-1.264226838981991,-0.9151187088702398,0.6500019682079743,10.179595247784457,-2.633069904943869,4.581012094114707,-2.0171029546008343,-18.691572974400277,6.986844732302623
2.748943102854229,-1.308396964111938,4.009759519219691,1.808492537564093,-0.3200756205201476,-1.2334734307920765,-3.8862186462919235,-12.196975724301218,2.234341938890305,-3.9143020090514,-6.965557598338423,4.459857022453793
5.330125827654301,1.2093550691885466,1.5787146401571301,-10.412827059803755,-6.1566382959762755,-0.06860281305838556,-8.238569990152513,-15.471150683120438,2.544967993333347,-1.9489562045395057,-7.936880868930681,1.4417301394258129
