-8.128305902281102,-8.624619987998134,4.5187260079713845,21.23116887206015,10.077490454101277,-8.677855027830455,-18.101728160776112,8.251997746302479,-0.7164469422903319,-1.1949245472877816,5.221167793692804,9.408000222297742
-14.521869996615186,-0.9122655613752131,-7.7937835658578525,5.815087321706436,9.105362737852296,-7.291574517478471,8.694640786516707,3.4264747102781516,-3.8384086578035417,-7.83073780658565,10.507219818323753,3.729286434150146
-13.073435611217413,-0.8624377036445146,-0.40436799779122,-4.726318423322765,6.2678341302996925,-2.6702402437828967,-2.7619934669124806,1.2442033689301795,7.289472625370779,0.4192359365388989,8.174240762406708,-6.67648948410834
-12.070323786434825,3.064921957704211,0.5593243561378789,-10.808449856754685,9.356625760905068,-2.862983199689421,5.4257163970488795,-10.88996627849901,-1.8242609278155404,-2.6661355127421,1.8028743988669396,-8.2706616428873
-14.91934896644247,-1.2247132395301557,6.1994006095172285,5.658329281962004,4.37734773660869,2.5085389818454478,0.037840693003250214,-26.714631587135898,8.959204491603648,-3.4397384567209426,13.86938344393979,-25.96750874835704
-2.02319065023915,7.183635080386156,-1.3834114030204736,20.370313049991342,-2.259642958772677,3.942171528215973,-21.145089738434393,-9.62705413244788,-6.722604389647395,0.0013967959135512463,-21.70692773852172,-11.046752236470535
7.706643101033224,1.9897754523562816,10.252478229190858,11.757681121685215,-3.897596469041819,-1.2841170909113513,-9.403026610332102,-10.254077576808573,-2.2006498220864934,-0.8459332574062084,-21.908164180568793,-4.491106073045209
2.4785381066706558,1.8377535280842046,3.9866635001433672,8.565237803673138,-6.180999561239851,2.352162275128234,-5.2289734740326494,3.6998720504267837,-0.6179879282408377,5.918989482406642,-3.477490318497255,11.615313900742304
-12.199894310858223,3.024416291824926,-8.898328012298181,11.811879144371153,-2.786568717725338,6.6596434153268325,-5.583467734435022,13.999994511246507,-8.841528400745316,4.647384113325689,-6.011239227079313,12.986620409172795
9.894724804637429,2.4232535018482704,14.851148728594639,20.6803278627598,3.4403847303755026,4.250766466312914,5.426593759992551,17.935671741962853,3.077335844269668,3.474438296675025,10.849209486617342,10.191925324720367
11.703654214237922,2.4794715487526755,10.312013960219703,24.668721862262668,4.460974751014139,0.06218780690235316,4.04854085147133,13.446371916556622,-4.621397322670951,-5.2905001800500004,-3.162135561862291,6.91083097835573
1.20434226584266,-1.7793536340359617,4.994769875353565,3.723094596358584,3.9362447506806735,1.7952055585231463,6.4075434692256446,8.569060327642875,-3.0260012284857556,-1.3806092923101045,0.8719368878818515,4.671126554864065
4.157217001769998,0.16889614756908367,16.456766233335774,4.044028705769627,2.079024125507262,4.015107922358207,5.614711507749529,2.720199815351699,1.1764202845963592,0.11503428291405887,0.8889147724845777,7.046922141355761
-1.6610675189370872,-3.135064593689547,5.003278332885919,11.167542315656787,-0.7500578583673495,-0.5492604525056503,-2.7057559227810084,7.576443123340692,0.6780488345143105,-4.956151371332704,-3.910070174019503,4.749535998237915
-0.3961787290421818,-0.8943010987297215,6.726779680448386,14.125750650384159,-0.19005062954838048,3.958796140602903,-0.4223025315634467,9.15186006661054,-2.2642882885543036,-0.4606597491932851,-9.564516082517141,8.451644584488154
-1.7395121943789675,3.842816479339348,-3.8075498415796933,8.69780219522271,3.8974074402848333,1.1705647697688528,1.719972204139789,0.7294148821151192,-2.2380753978034225,0.43127385392801143,-8.665821801871278,8.813437330935006
-2.7581216359635112,-2.0312807818316543,3.9297367151007974,-5.638926688843656,-2.08567475972914,-1.0629976033655302,4.354678360631938,-13.827958410998527,3.143522779624106,0.721725703087877,-16.629154575776635,8.223872864725086
-1.806699606877347,-2.023714980244183,2.309107823953361,-4.428639363894025,-5.84985614197404,-4.071864074214023,3.8499145569278417,-3.804040909995569,7.159850499299625,3.349295667817603,-7.433769220984759,6.893795653385546
-0.9254317982666322,-1.2767552768851216,7.149030278616787,-17.88463874754282,-1.8444583356344384,-2.9336908390285883,-5.4392593544477785,-12.831371389642822,3.489421029591524,6.375807469916578,-13.025284240261515,12.986533467363046
-1.7492776305501823,-1.4726822903497858,2.1110999453266626,-9.77513991848944,-0.5551336773129119,4.005209360471187,-0.34702994045751256,-26.35193502478833,5.8850932895590615,3.60487948575342,-19.03191512814144,9.08518229124679
