-7.44983370746808,2.908658426373879,2.3378114282773197,-0.5837796539254025,-6.665141872205027,3.2947902963936015,-12.34280632917627,-4.110219321483537,2.027940071902759,-3.0993764591804456,9.71661807342213,-2.947504811648372
-8.017082733979432,4.520004377469852,-6.514334153075833,1.4770439052343978,-3.4242219198862776,4.259857747995032,-18.709817745634037,-14.265917878011376,6.9018380089679745,-5.445269977654655,13.339197665908173,4.118098562071456
7.39441991253127,-0.7867508335359221,-0.04702755018359678,-4.859072865394571,-7.490915967257706,-4.5994403178084635,-9.721646876087867,-2.5777914410419047,2.332757793145218,0.6003088066356608,7.771962721705968,8.148959250566653
6.782336242619864,0.9304351303894391,-3.4171845711564486,-5.211249697046463,-7.2829320290165995,-6.120700609016957,-2.192576385909416,-5.4463491691785775,-2.055109735670724,4.550086371069861,9.340134836452194,7.869392462816511
7.531096005582301,5.719109349244003,7.182338920951743,1.8030292805124257,3.5448735036889407,5.772695330478881,4.178473060757136,4.5439044976676195,8.075572376370285,5.034929860215816,7.465872807061619,3.8152542189306304
10.15820090891016,0.866399591451948,-1.2141457170627783,-9.26930136463305,-6.014303625200289,-5.889603644577126,-3.9457820301735587,-1.8110582273800275,3.35730011504694,4.221134851065685,9.641831781199786,15.067268598288443
-1.9534336739177454,2.1783194459454327,0.9188725139563243,-11.84894156682413,3.044462548037902,-12.104301469988025,0.5528234137051145,2.0376715173608635,-0.4064294557830143,1.9785554288739633,-2.861000917744505,-0.42369218721698143
-2.906992431000077,1.4113086042604865,-1.920514379682264,-8.752668910188977,-8.18483213395887,-10.528827467299337,2.337619786929899,-9.368202619855353,13.562192481208568,-5.5007692397611185,6.776122725766073,12.052699210443294
0.7742344851647667,1.1584985782543447,-7.563979736988736,-10.12087364912997,-4.84739786475979,-4.735783293899977,-6.867518611987324,-13.432543516943795,12.801075626020827,-4.208708800182021,10.6264337580881,13.827771407726859
-3.8596801776050667,2.442080624388297,-11.771221763333958,-6.920732880254807,6.584580290866913,-0.1897120633450584,5.669184243811522,-14.059905482855527,2.922624345679494,-1.043889690754991,1.8035607879436504,5.5042302333408974
0.25353041189944825,-2.563242840625621,-8.818963784262381,-4.917830407465347,-3.284784815043155,3.1942878687871206,-6.673427815588349,-5.692664543392202,-2.4946079352357,-7.422876996312033,-5.953640476748991,13.589740440089882
3.6995488941652246,-5.8643514828945875,-11.396890567873827,-2.8344076622376972,11.792642295668646,1.7875625136096642,-2.432603559953896,-24.747401357311496,-7.462541255729084,3.910061785660213,-5.762737746634998,3.042043064971483
-7.0986724887125465,6.525243895257843,-12.115858990005766,-5.37168209377484,9.228947219943583,0.8019687536316159,-8.988475277393341,-23.196725291868443,1.392981303156544,-3.4126210738839013,-8.487136516168997,-4.991251504944847
-6.29512420306272,5.497542208547923,-8.460477803018438,6.586413951133844,5.534873570114668,-0.5703770963900179,-13.077675769261269,-20.523115776189936,2.0477325512608417,0.5826133566771072,-9.175658997431702,-15.749858211601545
4.179232869411817,-12.69827890747468,-15.041137466462343,7.446647060463194,5.381066516200121,-1.023830328024185,-14.554498020709977,1.9543242174153324,0.29114971749238916,-1.259951333773658,-7.072324280656394,-10.176888484045357
16.46464066987992,7.4560185753447445,1.5552790661282043,-3.9311912378607627,1.0767694827982117,-0.05084619505817867,-14.309627115985053,-17.619259018987684,-5.071915064035796,-17.62018794612305,-22.193927815087964,-28.43834993777966
