9.171809038269883,-0.08698457450348597,-2.2439603184368924,-3.4325280203680792,-3.4683068890067457,-3.1953421330897367,-1.3502279682524678,-9.24078063301346,-1.919089900195086,7.692545986678783,8.950639699415452,6.557595725498977
18.406789277628814,3.0258177655260483,-2.795381768544595,-0.43974492726847064,-1.8696582350108097,-0.14780420358536986,-1.73124171334408,-2.740152634164168,3.3210831477321343,11.403360643193905,10.919417691524938,12.130271363320453
11.790134104125595,3.996815652439742,0.1655518440460752,-4.614729276057423,-4.7224541878578075,-5.1524740511417155,-6.163674419749015,-8.519906353771551,-1.5325720992910004,7.6799101296732,12.260855673513511,12.323031584621175
4.738062785549145,1.4357505066306575,1.2109067487957597,-0.06490052464919906,-6.123839553831886,-11.278913250854563,-0.5063192789689359,-9.802818749812609,4.014018143692829,-1.3337959830182469,6.810881743984941,2.806613832818315
2.1735636999842955,0.6028411221169397,-0.36302070013057725,-3.68194369300324,-1.2325995731071528,-3.7065230177663313,-3.762784228291076,-1.4440842669577783,0.2569107735812443,1.563352216232229,3.59206651484478,4.688255889685744
-3.9157708702351663,5.211803242425958,-3.8258006749785993,-3.9869950122397717,-5.3374112713683965,-5.312364457536134,-0.9853330354471208,-12.54202318397074,7.958845485590673,-7.434810755962669,9.307948502321803,9.14022434305791
1.6142122480537773,1.433809727792146,-10.544237859220514,-9.527750846441998,-1.2802256199286608,1.1119620347341033,0.6267237353803023,-11.125146553590513,5.628325230412645,-8.897444674751114,9.808583117261133,9.833909373763104
-0.3066057319757264,-0.9908728050951606,-17.972921742431893,-5.751726921503069,10.289167309847077,4.609738268258434,6.6074012542695035,-14.783459897667273,-4.061149066709742,-5.203593389557182,6.111923409175932,9.753104523052517
-1.9756322052020896,-2.3657799587964954,-12.595677015381884,-5.8946007327219325,6.173118535513405,3.6728425317836915,-1.2573082315818844,-13.076077112637343,-6.523329122467944,-2.994139685666883,-7.684224330584214,8.328271038813826
1.162554922970731,3.4720757889121208,-30.3576276593877,-19.866636522600334,-5.497473366171745,11.7184284740671,14.714840523870855,8.043803418569475,-4.367017123560322,-4.857954474481815,-25.617846430518235,-3.2931958853826204
-6.745764744963978,5.023717566780623,-21.763222500860962,10.12224689717757,-1.9783444370258763,4.938989399729241,-15.746717122633232,-2.993779078161159,-8.077878709235652,-5.343408255430097,-14.898436045912511,1.7639228561132705
