8.048168170692387,1.0622247632587989,-0.44139354533641906,1.454767620737652,-8.042110147458684,0.3022464261953909,0.6132040902175756,-2.5219632035121453,-4.281542431074112,9.402534882528077,16.36386918017348,11.210108155063
8.38300885023331,8.458173910584668,1.7490932343268617,1.9945460829307757,4.264888950128727,1.5064386630572921,4.815357927515669,-0.43952531427414565,-2.596144679146507,3.8739952729974623,5.91171554399089,7.451138200558603
6.280362785107507,5.56244098172015,-0.6480157946466254,-0.1958172331258367,1.452079150803687,-1.9931112326508036,-1.5321125309523829,-2.780881271206521,-1.2399605077771922,0.6568104930829491,3.229065784444832,4.840355528033589
11.857116742503814,3.586214967238197,-1.6220578262482315,-4.75049959941491,-6.132580403034198,-3.4937012973120525,-3.8319312774489385,-9.781278373337077,-1.4202127639101605,3.5889822113427177,11.665832779469595,11.74174025750114
-5.9082136603003,4.441261750412294,-3.4653061302665735,0.7723286656539964,-6.793745980472042,-5.319900613422841,2.555317495133331,-5.841443800339315,-3.099660507911959,1.6297982582193686,0.557936545436136,7.477707930717066
-4.765317603896935,2.18890427048953,-11.392906241894996,-0.49500766911040756,-4.513055410259101,-3.9561982800608386,2.89827560756977,-3.110273581667126,1.6755766031553845,-6.8142142156170715,-0.5552671077248706,12.597891701039838
-3.2825874226305984,-0.07932281758148672,-6.5620624375481,-5.5944294434645965,-4.439573515095475,-1.43004184280927,2.0183603190380097,-6.807467492883711,1.5349158278527486,-8.685391022141037,3.068851238470189,14.327496762543458
-1.3410654428232218,2.8056478754977707,-7.887676011077089,-17.257504782935452,-4.109655028176077,0.7003714093261513,0.38806858189787513,-17.06555628852979,6.5195001107850015,-7.686603652403987,4.488269259914225,17.494294977222133
8.209878543343121,-2.138260022284027,-17.340578923244014,-11.85267115744438,8.60999553958896,2.7166401020920947,-1.855583182986331,-19.86722117404144,-3.0352536597393085,-9.842616285028598,-1.3329806716283141,3.9738101978026887
7.223720857265186,-2.5054726570898076,-16.874237761047272,-4.3600144025940715,6.7432217788517645,6.164577377920407,1.2956717968347828,-13.483872625586956,-5.967878317514016,-5.450779951644499,-3.2636410796528628,11.47691736936376
-2.3724169005296654,2.3220815727284827,-12.810745726109882,-3.68195354967854,5.344346661004241,7.4482277940319195,-4.011111758121291,-7.7889859807049024,-12.521951101762337,0.45109240428728026,-6.553304663815182,4.752870552852173
