0.05547982568336396,-2.7646956645019367,-9.665564202095965,3.0343510591169087,4.942534147837061,2.0120952990844394,-5.8715332523693355,-7.689239621821522,1.3891378808213162,-0.3461111360134477,3.2960432748577437,-5.661100911246445
-3.8397308231733547,-5.015194455001916,-1.7145159859185428,14.423446369903084,-2.1967509468962296,-1.5437420505436261,-1.29246528752327,-5.255611483952789,-0.5872329659723083,2.92921620603486,-3.282402238807052,-4.249808691899744
3.506947656440812,-0.6572665707751799,-3.6824190037171154,2.1639410916284096,-0.8153893632566916,-0.9541200009044628,3.983191754686697,3.9639084253051258,0.8587019399454556,-4.140683583562218,-9.812581674429186,-6.165113931951016
4.434921707792098,3.1074957366882563,-3.988726385542851,-2.121261654325452,-2.76396480460721,-5.470447374632987,-1.342688137402739,-5.208556699677608,-6.221927992482553,7.702714826365272,10.967973900677013,6.1050823875021525
14.9083743770904,1.4832473455482906,-4.926316890135111,-3.9961702749836623,-6.052848603681605,-3.5874905115928004,5.169293352907509,1.572970269202771,-5.7382887677421115,2.6688490419827997,13.281398792719642,18.045679314098827
5.520199928460584,-1.0701521952678286,1.311068974153331,3.2787728616377985,9.718648139459228,6.830246461361903,3.4772947554776112,5.105471937656892,1.8563023136782522,-4.824051550504981,-1.3440314275625738,9.053111441693055
-2.7635478592824456,-4.42788684576463,-4.374911431849409,0.8669611127980494,1.7121704915836466,-3.5462262903975716,5.349823724008354,-0.6055327790134775,3.3989795705145713,-4.539068559838983,-0.644101251563868,3.7716470397266355
1.5240586343127385,0.5532131312007186,-7.874103116876513,-14.767002469859369,1.308407296544719,-9.324659572490184,4.180528998243493,9.127889670358668,-4.22360144033579,-4.24299169642631,-8.625011733908819,-0.25302859831496594
-6.245396965774466,-1.2168850218407967,-3.8321380595030505,10.737003395901752,0.5393573371067379,-7.191666626063361,8.97570197478166,0.9968532252497979,2.390886481196289,-7.344582193095941,1.647815264046124,5.893678263631086
-7.623669558401076,0.23660598115504722,-8.729862413468574,-1.709747849568307,3.5005425554276317,-2.0731323355827667,13.542002325736965,-10.348433411490674,-0.3125737740420582,-10.437060746343063,6.091243533228923,1.5295532886260461
1.438010299780971,1.6719795026233402,-11.165919348492379,-6.520852341458135,4.368445584219935,1.6222333356249157,-6.685015829754302,-23.901195447123545,2.2458718524239387,-9.637809455604806,14.600536261831044,8.669930761568079
2.3067715925733356,-4.09018574347992,-14.527275876897916,-6.269022302872194,8.507114313885706,6.226243324298052,4.591326959136403,-19.544034441119827,-8.426815162044612,-2.5067240166572535,5.810061381591093,11.690558783367168
1.1345526283366953,-0.5608169090851385,-13.201196157086175,-6.224949859375467,1.42797010391426,4.569068198049855,-2.6831631973712935,-13.855233571247483,-6.2159047474195805,0.5934937872148196,4.7935037701337215,13.165818360264467
11.519455429881342,-3.794957546580102,-16.19900766753662,-15.21762253429439,-0.6619419505787741,1.3883382674687506,-2.804817688681229,-12.36507276104681,-3.0132242659716644,-7.1898888004867825,-14.210126136931596,9.236053759395103
-11.824996761377282,1.9773978414360727,-15.75591864584495,0.25749967352119074,6.286551912143333,-0.3953365685666361,-5.469170918737284,-19.64672576345405,2.309850147497233,-7.747154076971847,-4.243684197613099,-2.551414365247281
11.815721554759294,-1.3813483356693153,-10.882406802750534,13.297294639649465,17.904343418246306,-3.0895840705572826,-2.784098795773642,-9.10720936532728,-7.475881225682486,-8.184417399427977,-13.863231227332196,9.924122224085615
