-1.113835559595844,2.84297687055542,5.0580806761245185,9.62255546980321,-2.4842970545212855,2.399019436680405,-2.0048504848905093,-7.864826373722971,-0.7291432286078957,-5.591510249801522,4.58981728345706,0.25377742585757346
-3.7379566236610966,7.3851935625888725,4.060116886447734,25.736979761020418,1.9170781613966381,3.5776537351742963,7.542470986361319,3.2776330015328554,3.9776718625219836,4.7676010433236335,4.761681212917824,-3.607319991041005
8.340540111979466,2.3789935253491192,-1.5152380479011769,1.6278357633822154,-5.31177502065622,2.5858738515161503,-5.483968526446092,-2.8496333981495394,-1.5205998993827394,4.957654030666617,16.224099674326858,12.692753140390401
0.8827517037018392,6.642960066661227,-5.31509036919294,7.202709496827354,-7.049403608047522,-0.8343271771762804,-5.6636188474845754,-4.455656498088293,-4.4283867744425365,1.6355519949995707,9.793367809705442,0.8958817093909967
12.885322718011379,0.3630414471039813,-12.370889182385453,-2.042380353359785,-4.684860757494979,-0.750156558472245,-9.012829463054379,-11.446831693968953,-8.198128011953074,6.848977461780857,14.850028936550506,15.798614124067667
8.404256519904365,1.083374544208182,-2.358934763270078,-0.26434374506405833,-3.9294900469078375,-8.287707602313818,-5.12648284384467,-8.94834933275069,-4.587331866279032,9.765817078522415,13.612107201837109,7.238423973894529
2.0424200303689224,1.596115725529067,1.1133298706983865,-2.655907711356307,-2.421182624987345,-7.24700924719768,0.9082348430615381,-6.48958077829398,-0.13698946670777948,6.893129709244814,6.2854195997236735,4.269036300746283
-3.6369694458663866,-2.0138776476390947,-3.334612448494636,2.931991044386832,0.663120143380896,-7.1044975472062815,3.262941396448672,-0.6657697286781392,5.501054745584379,-3.801138448961838,1.658419642861177,0.634345724346549
-10.151477648840748,1.1950037172345866,-10.389784833470515,8.933355942099565,-3.9111817852473187,-0.15733545495742585,-3.600555266243544,6.087898697706873,-0.28820507762399306,-1.6689411297476582,-5.156536769244339,7.12077158306872
2.11296259549438,-0.0793832920424335,-0.06044060619227695,-4.736752894569249,-0.446252975607304,-3.395243910051095,-2.4849248709190244,3.451642633181558,1.8701871114250794,0.19869724907596764,4.218069234889069,5.89514912348978
-3.1203869239463375,-3.015954514434207,-3.5315204467113626,-0.586798861660533,1.6835114011345775,-6.778630318785021,-0.9268296695272797,8.19727122691774,-2.6702453025524897,-0.5863515368408635,-2.828062371934034,3.2983718450500894
5.252855727694695,3.6023352804472824,0.27724276801227565,14.882296477264807,-5.489128917809579,0.21212568937770587,1.4035027573620387,3.893330995211201,-9.922515541014446,-7.192718766389133,-6.692622070913718,-2.6898845235126196
-3.0977717431132037,-2.7395975687582683,-14.197477260260138,10.599017526763175,-2.437801216367493,-1.9340069704913276,15.373004345205597,4.915921529419583,-6.09519312011271,-9.897549049685495,-1.2485992288138155,0.6406030206887019
0.2351418717381768,-3.03986685289101,-19.973014382196904,19.152592464469247,7.7024320289815424,7.993878426274634,-2.7375968659844223,5.109077815546405,1.7705760420646683,-8.448350764010284,-4.774370158204304,-6.027506498810242
4.7291530817780805,-0.12644301169248084,-8.208144068871658,16.061602187855975,8.996137141554971,-0.07003138465231964,1.2067444123432938,-8.21820995882816,-7.003206548398332,-6.65629413620776,-8.486871985155945,-3.4796239480407345
2.0410899889810326,0.38471492340252667,-7.138218282032283,8.449241940201219,1.9119553568629182,0.3334646216512792,-11.31696933855176,-2.5078920352447827,-15.50774374890571,-11.925930592904894,-14.130659569323146,-12.364463059569616
