8.537934780291366,1.7368926072725084,-14.114760141209658,-17.345586565660717,-8.041240797073298,-5.843968641522576,11.993928346858775,17.678872417302447,2.7814610464901803,-3.6168058707716058,-12.649584929331915,-6.133239314552225
-5.413065744550155,1.0561719046035971,-4.194669827478661,0.6812668261193747,2.234167568265656,-3.1451688580407473,5.784731314074335,-3.2268314095664614,2.385197069860273,-3.330131456561266,0.4221409290215748,-1.1608152875240905
3.757369680234717,10.0929171735884,0.11671396035584833,4.57484579064538,0.5036792969695744,-5.149371432800768,-0.6780079072305083,-6.068321499795885,2.405920013284674,-9.836353520232151,-1.6445078016667602,-0.06104678133955782
2.796530389717796,5.402441818626039,-0.986624614750442,6.056508780378453,-1.7569286422723511,-3.3938682445532873,-2.034341965306722,1.4974208280541372,10.809391061782087,-2.8456775826299703,12.259279919253412,16.955587713955175
4.721990386204547,2.007510723244149,-1.8565313593892108,-8.936788095273345,-3.702388516535582,-2.2099993385109244,-5.382631436500735,-2.302262801557626,4.7652333238170135,-4.937138125741673,4.219928811823179,14.60668184381024
-1.3134464370016872,-3.0996967212062496,-5.271408381788399,2.24463285399442,3.5926473369545735,3.4473779069460684,1.271314542669557,-4.906924761369187,-0.6808818151456459,-7.856662776480647,4.0233914366562615,9.106308680681714
5.545885868204979,-6.629921646323859,-7.4458675401138725,4.347631814788674,-0.6187982747565125,0.8264051183437853,-1.338786926076786,7.64617794725133,-2.133485848567985,-15.618936476386462,8.19677229312484,21.98754783321572
6.0588419559887665,-3.4062681828704946,-5.037160085418871,10.000523657478647,7.956871338900455,5.208510747606415,-4.7711519279127605,-9.911050089044632,-6.730690689498942,-5.4209049261228195,-6.403479853406967,2.06786102764824
-2.974981231539929,2.1811193355636065,-9.669353093799634,0.7101744318529448,0.5353779027649873,-0.6323219288841581,-2.8179059480964903,-3.7315885093035264,-3.9433572230026566,-2.0925503352592276,0.023084815717609786,6.802617069018777
7.90895253457945,-1.4232027013729924,-14.686981818589695,-7.166854789404298,4.163409357287415,0.8917815080859166,17.286356551399642,19.03847728669088,-2.477378513294611,-8.101318686452366,-15.46516609349442,-13.085726985501445
0.08754379178540361,-1.525381587429337,-9.351584387133414,5.095329213045513,6.094748603728068,-1.006169303358977,-3.9260860906614816,-4.758093979447236,-3.8756946976278837,-9.332958264785612,-7.169723175213078,-5.137661338263632
