-2.985159202295203,0.5037910161217716,-4.755831451819372,-0.7353106592740817,-0.36290138992258014,-0.5514738449847683,1.2583568494429562,-2.6603084239670354,0.4967423776201141,0.8553443289602103,5.197155883665068,-5.378575564476337
-5.863383211875539,3.4271308491504073,-13.407606683890709,-4.21732450644185,0.5552167201557734,3.246388893368862,4.549856530656333,-7.427795961912528,11.33674971937462,-8.113862048831992,6.990768645488755,-7.819067130444305
-4.029981599079955,3.1990664967596523,-8.622033061104688,2.144249721419107,2.731127560896229,1.0331997294223099,-2.635053290843409,-16.0320422702014,4.818704218048177,0.12352771112855976,6.547726856571822,-7.926217139105841
-0.8754934793418645,6.787515431915866,-14.59513084068733,-2.338682736196808,-3.4643404075005346,3.5353036732525798,0.411601773085556,-16.381291596644612,3.871307700167741,-7.409813374953885,2.6162952388559733,-9.584869584467393
0.07051009811133646,7.97097113699744,-6.957497225240044,5.379067379972932,-0.15094757532709657,4.091492970585572,-4.834039656517219,-9.15022120611613,6.354183283750494,-4.860571985828599,-5.907214464610282,-6.167513712499252
-3.3946545436731146,0.15027670236440116,-8.39832903608759,3.6308399081026552,4.588260143501319,2.074667096849182,0.4537758847586204,-20.439103623431986,1.332060335369039,-0.1585032435135023,-2.6957933141992863,-0.8382865871498772
-4.370087569283228,4.280748184290789,-10.616209890275766,-1.7635199412872602,4.2511555580639255,0.07675426481828518,5.91927948000591,-21.35736594615564,3.425617869995979,-4.600214978584401,-0.18926175287872748,4.327579424060339
-9.577047449789095,6.594114841951503,-17.09130831892267,-4.2279973553783545,1.8413072767853262,2.7152897046634514,9.092031968229083,-22.775748178708074,7.014262501003059,-13.054515712708268,-4.224987671608245,0.419446844626167
-7.789395454873317,3.5571035488149265,-14.914936373238675,1.7030043507831838,4.432884228533863,8.193872124406534,-5.306746820593102,-13.192713247608772,4.350546645225784,-10.008225737217131,-9.91599345477296,8.03118617809976
0.8353603090116142,4.7811513376729895,-14.610486905948928,-0.2532607512123155,4.881845524188199,2.910333194528868,-6.360437939336872,-21.52306306853784,0.06163209850748608,-7.803637031766676,-11.183437423700482,-2.4759898060790384
2.567856543338536,12.62555869454778,-22.18327375296288,-4.890532067256448,8.596191612221272,0.9151337367854812,1.6082347653031448,-18.154534848812844,-8.542126705972477,-11.243001202540015,-23.432236173815973,5.923029022162371
