-6.1849137612811225,1.065918069243827,-10.295426503441256,2.158071061879978,7.8323874468752095,2.4096324836840584,-1.6754381860556933,-14.719366377662892,5.084268887184662,-0.4064155564785086,12.369754116420703,-8.441255036402023
-6.880169453363726,3.1762766793433572,-11.701171493573327,4.195116261299635,3.781186948064004,-1.3166397547901645,-1.4062709226466654,-17.293572507408104,6.2975756015861215,-6.547989563470862,9.833245818125853,-7.069561461183918
-8.989588694857687,7.503702723988495,-18.430908890918584,-6.406425822946275,8.34770384926448,0.23196113269072072,9.575912816473902,-22.535009585800708,6.681928685527542,-9.282978624717941,5.818711150842774,-6.031781523146681
1.1442674944323956,1.5894149664675408,-3.7317622610089933,10.64450968485418,-1.6742939187386041,-1.1275833396299197,-4.126765969875812,-7.655151189773786,0.894426613313593,-6.671701752141366,3.9634354071110085,0.938332003392965
-0.6302928899101552,7.61200749819859,-14.081710171677754,6.930909437615162,5.927535654482255,9.063179659262017,-2.256046168218731,-25.08169401073634,-1.0015112385159473,-1.8424093387137175,9.993303617489767,0.9055271376857252
-8.205116322843937,1.2533213651834512,-17.569671814894,1.909646375583792,6.496600971975138,7.243687447599182,0.8045839121427014,-26.5044695652034,0.9727104905217505,-1.4078385433720824,2.334670967176444,-1.7038074732149955
-10.075762452324913,4.872112267214828,-18.308134990765268,-4.58820533663566,1.8660986862162585,6.456172470966101,8.42011093537211,-22.663353099101354,6.286892972726346,-18.57117402993528,-4.522603988306411,4.024841260288479
-9.860450618159849,7.756767393536429,-16.927101726996103,-5.248421688433872,4.148543301115916,12.841964871300672,-1.9804805245386763,-18.131730604404588,-3.196812079022493,-11.431287658862075,-10.00403057936886,12.496664825854713
-3.295751664598628,3.723403186469854,-25.781343666914864,4.2484406679639735,7.48164949670082,7.300953577637619,2.8194137623726383,-15.029499996239716,-1.3088251833234334,-14.677220278525029,-15.406159267406473,12.759658887337773
-4.824306631005964,5.977585740780989,-22.704637479613265,-6.623359160457361,14.388379711390558,2.9256783143672207,5.390859198166886,-21.046114224559357,-7.477162935876608,-14.485453920667926,-24.032444059556326,16.97099255530403
-10.758905360893133,15.122956149406708,-27.314099124055463,7.6999261664467475,-0.28939361031380173,8.079625022023944,-15.177040771086572,0.30394073783423536,-7.137459395977761,1.5196424565523463,-17.143742095219295,11.818029557938683
