1.109227868256023,-0.7016167326949169,2.003241266552267,-19.45166519338474,-2.6383380550717064,1.1773029340128383,-5.49615422348096,1.5911859624951874,2.827109617601984,-2.7965476136022054,2.093818208953576,6.131850348903299
-5.9444082144177735,5.826523362125997,3.0688011617883877,-21.745928003800273,-1.6466354642122574,-2.3268440991890897,-1.7207489748288467,-1.6299733302564787,5.682912880528959,2.3644345549546832,1.046220461428124,-3.865285823330195
2.9738600717315276,6.09905032368133,2.6939043146391803,-22.811629102280463,-0.4958248748232127,-9.091826595466632,-3.877016570019442,3.071485683178275,-2.7230863901990547,1.5511669691595542,5.025164469369827,2.0711557568304966
-0.31067995061464837,-2.2836628337350278,-0.7051635685579737,-2.606386690904425,4.324746413633322,0.6523722552236014,-1.7477063507737165,-0.5086045979035286,-1.7135727318713212,-0.6882348844966498,2.8739482686941296,0.9758393447099082
-4.00456838473087,2.33021081210614,0.9477693343501508,-15.117040268424992,6.147095168364778,-4.012991823861838,-7.465368649167961,-26.854133990430384,2.3214885379385715,-1.8927167694155032,13.750047766275367,8.270290364957637
-3.1676372176433008,5.016448869910171,-3.807898944965354,-28.46250286494793,0.1501921033902702,-8.214364731995413,-8.130413177912072,-23.86932316422369,5.82751398981383,-2.179615224616594,20.82568739396551,7.078725553890016
-11.734411941227526,-2.413672895703769,8.122454388910024,-31.222856567151062,7.116374229330036,-0.02872177254025496,-19.394805747154873,-28.17148164369084,8.596261198992,6.443564028964831,19.189522484431215,0.1593910316111764
-14.237548792017588,-4.375919274565009,-2.7412408220222884,-18.625856655562558,10.79320729292941,7.268129209049822,-7.350479579831307,-22.754104858956904,5.729982190450273,0.04942755845411023,7.179079928190493,-3.6180114078084027
-6.143880917982985,1.1429424422643075,7.822243089731234,-22.392389688686805,3.0538969190801004,0.970955042938002,-12.286702421486718,-21.96046267162599,0.9515233273449937,1.9711371924902372,-0.05820319143204267,10.744858172844946
-2.7587203969633376,-1.6959847085692135,-10.022198610766592,-7.018978161681847,5.604009720506235,6.027941997506646,-7.420586823163091,-30.523937107434055,-0.4853934386426342,2.027107927643402,5.561996756346443,7.51637034970312
-8.51559440939189,-3.1257040239615637,-0.5796729991209617,-3.0356309383981266,-1.9089892374667699,4.105392015142126,1.6530039821316869,-13.879487680604681,4.796271001257082,-2.0427561105213923,-7.156080563435964,-0.4257881456867496
0.6884936191056448,-2.1707843440169294,-9.330040108848195,-4.725785853454175,1.0685391766554757,0.2678152998245083,2.151168552575763,-23.461152724556477,-2.6780146491994326,-2.4596119003969314,1.8884426216996109,6.437604820670794
-0.886258234878186,0.4900364142524509,-16.489517372308697,-17.056071946904453,3.956333755610366,4.275469424083783,12.354601151161074,-12.735772303262408,6.0812053328138305,-7.957540606987129,-12.281277683611641,-5.436823314407456
-0.4403112227773365,0.7734465087296565,-21.338186658305055,-13.683085545276024,5.315985763427193,7.5004163565864985,3.0198932609422426,-23.6727519645288,-3.2504174044969028,-6.703068186433773,-12.875609915250772,8.913601461720452
-4.6825250879506966,2.9125266410145096,-2.162748476274254,-28.09465822630098,3.0345771057882622,-4.440978524027324,1.5593823832017504,-5.580884600975628,0.3145719638972939,5.071304189702403,-7.632191255072183,7.5198863837276795
-3.5594146901917707,14.788398812899397,-18.390447224821752,-5.513424110476894,-5.088247364045675,6.125929196917481,-8.30252982420121,0.621202731691008,-0.3561768650219026,1.4389940465426028,-8.091301557080742,-1.2409106971810786
