-1.5288690722976688,-0.9770288488474071,-5.968067567661281,-9.20575747812755,-4.335547192083218,4.517889029891301,-1.549134456721987,-3.3497298590401887,-0.7659308207982995,-4.8584263706789805,-1.1389091497289945,-1.789897062958454
10.321184696721756,-0.1570342945989045,-1.8932849073460394,-28.72279878860099,-5.587069667908324,-0.5263080750591214,-4.894531606824973,-4.680739294833109,-3.447632367795412,-11.500499172074072,-4.235164649304504,3.1996475648308955
4.133637034381659,-4.486925476109164,-13.974332781119214,-18.59628125836035,-3.4894128116370227,-2.7403624576377865,14.212737831265796,-3.7483915335420144,3.4847048968978145,-7.763636368836205,5.4715931382632,11.121059163772362
1.7137296291149957,2.265816903778047,-8.069137520854303,-17.429385890568028,-5.492360392363551,-3.622769812682989,4.267111938997187,2.632392317257303,5.828506826874314,-4.2744056865973015,10.371509829129792,5.320028997742827
3.70121269100852,4.737491216715917,-8.20040080956577,-24.411050448315,-6.816407134718683,-5.048687800747556,-0.7103202287595473,0.09676557196543106,12.217318101011408,-1.3918509079045938,17.429913501063385,0.9126950797951148
-5.664783131795987,4.863993866002805,-7.469950046021646,-14.248825793083395,7.241341910103095,-1.4255914663476796,13.838720474999128,-1.2819726137378278,0.4899173197123526,0.26097049976254655,-1.0295963008368874,1.539333526979048
-1.1003100573275284,3.3497759132419898,-9.856406630950096,-7.201385182291505,6.768634386092467,0.9032883372602342,9.888396833095896,-17.300956102553126,6.467977327235685,-7.626476585557809,11.939715155385114,14.139497846597052
-7.690964943012782,-1.086982109789988,-5.456109086752818,1.0424960730973085,2.653242186482877,-0.0298121272529644,10.414777190138564,-13.382010738188084,-0.6064016139866266,-4.064586229354002,15.662947879144404,11.719544450541244
-4.722667542263333,-0.1582117989054056,-5.383020527953168,3.93086076717156,2.4113191491719537,2.6305234316335553,9.359643715685284,-9.074667714960482,3.1606673458736685,-4.56874069929914,17.516160685073075,12.631373990844248
0.7758493882789235,1.8397532037529918,-9.55275800857084,9.994851511738478,7.2070769273553585,5.903765337466035,6.164849235544234,-3.1651810918433676,6.112235779194842,-2.0947320518905546,12.124592062135779,10.449401750575463
-7.049464481545947,-2.4179760522255513,-7.00792871834636,24.92760405738847,4.726235333280426,3.212153247234906,3.9810935706357617,-5.554507322097032,-0.4637086317074671,-2.472110813015032,4.1128771400547,10.62941163865964
1.3323308782239587,0.9208130132210333,0.6630088310333957,22.3754909213066,7.074594489730768,2.5102577120318808,7.406117511331027,9.922609163705587,0.6036696122871099,4.399065078539712,3.917089446436934,11.543906404035004
7.264440442607297,3.0033608994408034,5.856665803730599,34.78602809398283,4.047806748723324,-4.779335647547073,-4.5200627198100936,-1.6812341037690945,2.4245640824112185,-1.3189061527415615,-6.300361011212418,-5.36997644087647
4.133383793258388,2.1506277916357672,6.745060757659234,29.566395596336317,3.742693246711469,0.22420260625565622,-15.884802396785515,-5.2466734530352355,5.33233844338036,2.2968428992769034,-9.743992598351863,2.974852252718943
3.442062906810128,5.608668690876007,3.4892140498645636,39.77892344117981,7.549472921589961,6.8608470079927475,-0.32681231168540137,20.13884376562605,9.814524215247463,10.951596179675645,9.784542015271338,4.230551055318215
0.9277201280155709,8.274229014780673,0.34570821680334185,28.459915450006665,5.674638165369442,-0.695393922248328,-5.612535405832338,24.35440376405302,-8.12626159750379,5.836882345596924,-5.171298756202865,-13.041505224196907
