-1.6661753962405315,6.19467658065377,-1.8658643577393765,-22.108488613468065,8.821174559689151,-1.5287508844866582,-6.753309305646796,-3.914899924467159,-7.007424347813393,-6.6487217305571065,0.8425777187686536,-24.00307211828438
-18.235848385633098,1.8481500332114658,-2.249172221867201,-35.95530635746207,-3.3280620272797554,0.40634982663455477,5.254795276722215,6.58510526957906,6.187852056291455,-6.29992782591424,14.543687869938278,-13.88750255984626
-9.043971558527353,6.376305031140059,-16.808078452796902,-19.851565983536084,-5.935121647049205,-10.792069012661036,8.533856513980508,13.391428123160692,10.173853890907484,0.24750940761859508,9.393277976985662,-4.384097351343863
-6.422406608945964,4.519334334068692,-4.880221114589821,-9.2537790059212,8.060781220552922,-6.917465618197653,10.05997879395402,-13.00983127601278,7.054081103467004,2.9063087113941464,-6.229174034678945,1.538307721418453
-3.3974143786865527,-2.885461208818877,-9.80488620085033,13.573346377783947,7.21475046189443,-4.938912815570237,6.443545236592821,4.72812365572043,9.288929431742018,-3.529112115686857,-5.859002490516406,10.427696715073335
-3.3033215174631847,4.016295493986047,-1.8627919488144573,16.670816815182427,2.5872990007623544,1.113058306956202,12.216168682401944,7.740428024180977,2.632224943887778,-1.172345071798753,9.1705028587834,6.965975973935674
-12.743555990102278,1.0017345997461242,-16.90362815519056,16.309978592393687,5.186157599901651,-3.050817545763728,0.3193474604094023,18.003917395108633,1.8629607776340302,-2.660959895942963,-4.094752499601396,-4.489637526226185
0.31028777175122624,-1.2259892391790848,-2.954372576815081,28.210364842641333,1.1421689003102868,-3.5360957715344807,2.0406120308927624,16.348117851680268,2.7494893222634635,-12.159662390128785,12.388751230035828,7.24729609069909
-3.831130116311141,-2.2105938590863072,-12.561892857315456,22.986872115405372,7.615257882682381,0.5943311580160763,4.36522541393214,6.554780426515725,-0.6676330486372465,-2.658333195783057,6.974002259133603,2.426127575257228
-2.6584105227446138,4.149716724189241,-1.153368862877117,40.17175955937621,4.0418804285064525,1.629179630245143,3.7754768930733764,15.105286562307572,-1.2788197112119764,-1.6159111717841388,1.0206337479048098,9.456907125530508
-7.005534130357118,-2.1437735760714567,-8.300381306300032,36.64649972675329,-0.06431173621869934,-6.998210146768822,-8.201127563770852,1.3061853406651338,2.4161331272684174,-2.6764769513786697,-7.623069821428857,1.7505394179087608
