-11.547916003450808,5.4138078712916995,-9.807154638248678,-25.675604922021726,-0.9383417087405401,-3.0932267902761548,13.02136694056176,-8.827662959790358,7.670695085520617,-7.262472275462697,13.89943938502084,1.4933960416133294
-2.0395317340409536,9.826658738260154,-3.4831314539291207,-30.097638485998036,-1.980912260179712,-4.147964804049513,-2.167881509170062,-2.3483233119201223,17.385184592744054,0.6232834024256653,14.85134064380945,1.5472877055204624
1.4776082694831916,9.150185135730574,-11.778006074704797,-19.669188376316217,-1.8216390841095143,-6.317357726568885,8.546401038869371,-13.903760695368243,14.967075333539345,-6.247035828712768,12.98194568864403,13.601396333756918
-4.135999127264229,4.1746791386085755,-15.272732552987502,-10.908903157507304,7.450038738657824,-2.869145607488244,21.651863366369813,-17.698843224465566,2.419851355792174,-11.674826076336085,1.5917206325873645,18.139557762274343
-4.6830373628976245,3.9251841833249106,-4.816550783928268,2.0942280527176615,4.677416353867788,-4.0711197979597555,7.334902726710836,-15.340446815078076,5.562993072697025,-7.344224415259728,-4.808973624250788,18.329878680708255
-5.8875631256481125,-3.453082404037898,-3.638351593077525,13.402232549811783,-0.5380390619956734,-0.5217655476361125,19.454801615502625,-4.4960738150929105,-5.874287479787892,-15.199419418718437,-2.8214142732367775,14.893200136830647
-0.4878104388061534,3.317490817639179,0.13752878987018036,21.531575218551712,1.1618202484706417,-2.060840145860926,12.067758985040195,-2.963274135338971,0.024355472015028412,-9.571739306129647,8.352572874669342,16.953196636966073
4.525674624706339,0.9302525134875196,-4.879458751242216,31.885481021627882,9.566582440887482,7.672397569450661,14.225291986004919,11.185939442639,2.9014962688717687,-1.091042506225979,-0.4046766752490083,18.355950525247543
-2.5515645267677183,0.45952735125942457,-6.613964597000843,27.176233658804776,-1.8174455347373335,1.087497356463712,-2.7391434711694735,10.443924607823691,-1.7866262635643746,3.8901359204612196,2.8092172368270325,3.920666040402143
-6.985666498305652,1.3413490318784653,-3.2546580964940053,33.98642845109202,-4.414485770371662,-3.4516638556152173,-2.3364777882637635,5.140778010709024,0.698217472212164,-0.04678981869003904,-3.766343103928435,1.6476707149036216
5.9492983826638755,-14.005395067052982,2.0944893231102086,50.102313235771355,2.026562223105274,-8.659298062654532,3.5730072720613744,12.374184910435751,1.6182889789176471,6.282245861342384,-0.4068456870220042,-3.9037494547101774
