-0.9044349757157782,-2.7925320324220104,-6.705745787257545,3.6950225617985524,9.00413897919156,4.938152602664504,-3.494898142192681,-17.192440188472535,-0.30879751730063587,-1.6192637889102877,0.4693324491052602,4.692450904075742
0.3349464958892816,-1.733700942804513,1.4702901653115736,-17.902905168994767,-4.597711387108699,0.3356786609118452,-1.8368777744746136,-5.383656502427966,2.603096689944027,3.267417866404241,2.7001081886959195,6.442972861810956
-2.009938966802528,5.250451290358567,2.5633139976372137,-28.66529238810428,-3.5368816480425873,-7.5710863337697925,-3.837718265239136,-5.140600868997958,5.3130336382266865,-6.988326888310457,7.943507471498489,6.0169747840808405
-9.91172441732725,8.677129224754026,-7.18997753374899,-39.585084318051955,-7.574142662645129,-11.099764271251285,17.19463104946935,-11.376201383471424,17.653662284316916,-0.004152258680111931,12.389476719790926,9.509468924195659
-3.496064016933042,7.38267242641366,-8.025882759621137,-34.892230067793506,-2.6363682805310393,-9.639881643729595,5.497248079311853,-3.5656828351268692,12.288666066145474,-0.016636011130565453,14.221310347995876,4.7595820847488
-11.285849880669971,5.868307180151288,-8.36118724880204,-14.136378305510096,1.8970358861409204,-3.1616250882376997,9.390959495461606,-25.846469771995498,12.743068870310704,-7.7824828689554,7.864205794342777,14.076888441044026
-7.966231247865403,2.116986697644255,-0.03512636096982135,-12.829712380485947,8.62874354259967,3.9985318511265073,6.3626603707602705,-27.563381683159825,0.8626573313828992,-12.792381219645348,1.2685288348543504,6.120858759845453
-7.604797985467023,3.527025843584524,-1.607058976093791,-7.493835439663597,8.69598184980216,1.5049431275200862,2.9220300025495134,-9.046276329214802,-1.717345250195543,-4.291595886323539,10.246530952044061,8.0786896892297
-7.930672320163142,-1.9738111761083288,-3.211533347983414,1.0001081788958386,12.277335944338617,1.2722959753007075,8.490141433031145,-13.981173216836003,2.2528292432110284,-5.212686805534742,16.835332785947433,10.192690610617927
-7.655139312223449,-1.6919701638622073,-1.806058833445424,3.254005019377064,1.5377636336597238,0.31839521192621867,2.1054830452027296,-5.860880843732885,1.511004639086065,-3.574227876781298,5.123638083969196,5.695964886043183
-3.683697672898337,-2.828628921621469,-2.994286044826943,12.328697254191688,9.468927198456129,4.70752127415788,1.5463420263241165,-8.79587636111635,4.425080570371027,3.3071180696275073,4.506297445411773,4.085138045097066
-3.192458667262925,0.9301482259620637,-13.300803151372513,13.834684291889639,-1.4091651303863066,2.018055863073884,-2.1230972321394206,-6.269614974551433,2.377256129243829,1.211063730761663,-6.806316108146735,-6.876955745499309
-4.009826092449487,-6.145457257583868,-7.228254397310806,27.4492656185601,0.7757505203933168,-5.844133337985424,-8.113786011751829,13.356452856108909,8.873439368175285,6.38045047419678,-6.151598657388824,7.400494950944881
-0.3640734802470723,3.5534275744009682,-4.5503810067152815,29.342806672769104,3.7305587132863907,4.747205240766677,-3.592240782605521,9.738631951547385,9.836147065370582,0.09211757372804236,1.5460358898757551,6.543249893163011
-1.946804612313788,4.379223524035053,-20.041391277638567,35.37088031389935,-6.187798870092829,-1.8808149331528292,0.6018536055359585,14.838157215655022,-0.39099103277397584,-0.3572936854287495,1.0976143201922481,7.171268002389004
10.02149728709443,-5.448411329255922,-6.892726663966794,38.07646457506241,-6.6417665026367825,-2.910575130161026,6.590201295988382,19.863553176236415,-4.523988967409016,-1.4872934501102326,-0.04484991742900002,0.30047553925301607
