5.319909959174846,1.9446378068304462,-2.820043831055551,-24.26133339820565,-4.188460992107447,-3.005351438588931,-0.7444242093433255,-1.7083289563192656,2.3469758369394804,-0.39279680140627304,3.7237853550512234,-1.9359768421216357
-1.2619439938251407,8.574695306556395,-7.117537114434253,-36.855745449350955,-4.50050756541265,-5.974910080479198,11.56074884251283,2.3001139267399626,13.860021531367785,0.3893505234185557,-5.513224141895064,-1.1632121273032014
-5.052360358299842,6.974505049388513,-16.214347252358703,-15.671223108017717,3.5022162502575784,-3.8964189239807188,21.329181185811272,-11.61161766519902,11.885301600109246,-13.936478842659968,5.880968931940712,5.4301552788326175
-2.7379156488075247,5.499927176331278,-10.60757225826818,-13.386348263491342,0.7977228164181118,-2.4284104469182277,11.184000577680584,-19.274873231895583,7.220968956077543,-9.80460089080953,4.511966104509614,11.426848408923496
-7.473503279511893,6.51399699092811,-8.936476043342552,-16.146596189585473,4.3740568073183805,-4.79946905187422,10.998132685321384,-30.515859281939647,8.212299837445887,-11.316949313730644,9.984272493267476,19.15970302211663
-8.23293619813865,4.037054906853879,1.062045894606164,-9.069480492363294,1.6653445931856676,-3.25330951679491,-0.18974330885534876,-7.336237060150233,-0.44105450184771827,-6.475032699614684,4.548926154252448,4.620226674221633
-2.1059935639772935,5.023288291994088,6.209042298169603,-0.19598982648716662,4.09680679427397,1.0755059161087817,6.559270873412216,-15.012375261757867,-2.385701878984526,-3.8504935222512824,6.75271524403923,12.046992034163164
-1.3426514723190963,-5.12261518670554,-1.8682422300245363,4.102289961338625,6.6909498596253725,-1.2325500106470693,-0.12305071717620403,-7.239206108682588,-5.067662036737842,-7.130195482120871,1.549124944849542,9.185498098686445
-2.6444084073043035,-3.428571795394056,6.8385309426260354,25.287911126142195,-0.7577681695793576,-1.3260302456801945,4.614254321165033,-4.234141125869323,-7.934314976340503,-2.319359348482126,-11.274133639028417,6.124117104106482
1.8327848788126504,-1.1485541548064016,-5.308027026435171,12.781755091840456,12.568333280534734,0.9093250129386411,1.4779413750590749,-15.382709122152043,-0.9546985710063975,-0.6181340602989578,-5.930895050097485,5.901160423415143
-7.24728022710653,-0.6158917977316876,-9.031173894376366,18.668033228108108,3.69841342386896,-3.5536473662695074,-0.7096243292919509,2.108856895653254,0.6811110969420907,4.454952030132932,-5.821378815562492,16.809046801687742
