-2.1637284895173634,0.8470671997704408,-0.582273333943691,-15.640607417598964,-0.9993999509472192,-1.122825483249178,2.905011687615958,3.1135800574059114,3.334094213412907,-0.03408674506588695,-10.63978077579647,-2.931434317545244
-6.974406502308904,7.244640733230915,-0.4719052651028004,-39.892601467225795,6.212324174779347,-4.203535978240716,3.9151727827979212,-5.176510521724607,1.927258078313469,-4.056964244977092,-0.8310610081578949,4.238029925153454
-4.733535462015287,12.205919900158758,-8.49810903153108,-36.61359990141849,-5.540955563390828,-9.65718457903958,14.171209948344584,5.6443703915703844,15.429915199741691,-4.681637755708969,4.581968129220318,-8.148617622323032
-3.7132731283658145,9.33413215925128,-12.441609489877662,-22.468801698401116,3.6228010238846986,-6.99687160479058,21.08988837529827,-12.790665779499935,10.412475297043468,-8.927454151878576,10.853534834096566,1.1111802099105645
3.1201395430135572,2.797319206061028,-1.0569564621689016,-14.432255351525153,-3.939134227592184,-2.368554508302416,-0.030555132702937502,-4.7068844488782675,3.894622721119187,-3.6923856303316467,2.222163391941303,16.21317123858049
3.9246263358105806,7.521170501055068,-2.8594326998681057,-15.471792199450949,-0.4425570011905128,-3.1374281238654436,5.976308377151095,-14.159514787224564,4.903873980671912,-9.577047310881046,-0.6582524256604793,10.467323922810527
-3.645834763133589,5.668697025831116,-8.073437376313693,-2.4411723810627377,7.044060673273655,3.560481687524877,14.06636777216338,-13.328205289871761,-6.787818870741787,-10.690649676202456,0.5827878683772824,21.413533460039762
-5.844694891034598,0.056035764942373625,-7.96816400078934,-4.818709813013657,5.713559726070653,0.8940774070398888,9.122535359882047,-20.483891219299366,-2.1166458465979856,-8.869422016873889,10.316247138793468,16.532038356178454
-6.317067821848654,0.37150245977786817,-8.435542490081245,-0.9770711730984496,4.2632955773891785,3.3220304111604952,5.4859733747022466,-10.289594703443461,-3.6784393340930923,-6.597584101941187,-0.8777962982803666,9.485635646367077
-6.97146212197192,-3.069925609684415,-11.734215992407742,13.706143796781578,6.210979356893222,2.4854394560774655,-1.3777989621944817,-13.346158926953274,-4.054260205227972,-3.9300857454300626,4.7476246044872505,2.3090240360522656
-4.2342137830145825,-1.2314130694435375,-6.025703439087045,17.290674229301942,5.274124754717723,-0.23260211041124962,0.05511304477362425,-5.939436298447417,-1.5614148281400706,1.5955871179170145,-12.103765141311483,16.583522887025588
