-2.23490762795719,6.47509575834446,-9.95606535475351,-25.090762218565974,0.1924835734521791,-3.4283951605332192,5.422195274015835,-1.2642415351314134,2.985811278900569,-0.6942819487833977,-0.5345263270034627,-1.2675377490254691
-3.14833394496992,8.011401495714821,-1.7844747976636866,-40.72744623812651,-9.510453162948066,-8.736722298636387,3.7982172000642045,-5.134805077024503,12.177397875674263,-2.849712325674779,2.319908813517861,5.166726925203442
-5.872102057794724,13.332842095756185,-5.657329635920506,-23.237816830187608,-0.5542807210387496,-5.25214138804111,13.786786164103422,-16.95104785457789,21.512646734740713,-3.458752789820016,20.545318707452253,14.691162424738943
-5.653513872804445,3.641722274309761,-5.168167459987935,-11.94424483081129,-1.1789560766701377,-3.406216414512131,7.6709006965945346,-16.15756697911838,7.642651128261063,-5.413754026613093,6.516674000464264,12.68232276423776
-9.948357158116567,2.4742116700967394,-8.146055986676876,-14.718776525595013,8.362837803062591,3.219840045808198,12.674574815642108,-26.92545954783175,5.224948548646064,-13.652414885897022,6.265289408461291,15.147617222597942
-3.2448155727277728,3.427323478978093,6.316209174225128,-16.1107098736521,4.36456538471548,-3.1336518389640933,-0.7536183154743645,-9.692834263472843,0.9106155366214889,-1.9576443261937757,-1.3336394118797001,6.365567866743519
-4.160944872490033,3.8073026583643523,-2.9691569485689127,-13.836054084093853,8.801785698776966,-0.493591823698183,4.139014953931596,-26.93580276477382,-2.245939384614064,-14.056376726736662,5.972483324289502,20.191499246861003
-3.2461326755376523,0.6260650792765952,-1.235774361404757,-5.740625777968201,9.596430638139347,-2.5228797473490756,8.145086999217748,-22.78283834912637,-6.2726852386165755,-10.951055505523586,13.257941600787081,17.077057897696655
-4.020306216578366,-2.27468990482034,-3.3499277369361726,1.1989313912754742,5.083636043247208,-0.5129722295489884,8.204481331476249,-9.278578464232723,-12.876093999760162,-0.6357682273139594,-2.86388169853144,9.463516773121532
-7.031192528099012,-5.154998034630836,-5.06482650214014,14.452148555618743,2.7550886956934164,-0.5708063590819842,12.0988891169943,-15.622285989662508,-13.10838984673754,-3.420812684468339,10.603794238399324,6.054937457922745
-0.40815874952598524,-2.618642006265617,-5.388067239883467,23.787299851934982,4.3565023785403625,-2.2391386108811626,2.0225366974482095,1.712523071823739,-3.033266769838339,0.8840769156849397,-0.16384887134414158,18.245757216344476
