-1.8652697946052426,2.2613233313774312,-3.3964225340485465,-33.635516626103275,-13.99010675667925,-0.5236644816645071,-5.836320744036314,-8.181430643041903,4.947498433973106,-3.2472439716778227,9.210480887748208,-7.630725841053169
-19.304963346211178,0.790334941650608,10.821918413913366,-43.238241780012075,-3.252109530156847,-1.5839344770315686,2.1003686349215145,15.155450993048301,-5.48248023899274,3.6647600716845194,8.73015032148766,-11.472285879465124
-1.6028018951991818,5.700808913567141,-3.5828411562836204,-19.049287083412377,0.17318274530990962,0.9812071826280252,6.454930175166131,5.992730277317491,11.258524980196643,-7.7199360447873655,2.727034755464651,-11.75833644694761
-10.838030264652494,9.755571321118046,-2.23139126794492,-6.965465981028758,2.7015393049653307,-5.969120537261449,23.20396112510045,-20.348370915656552,13.58146693581895,-1.9077711603926744,-1.0812211095997422,9.124810527962696
-7.790729969067906,7.660914444136371,-2.7592398693958424,-7.847142678544848,6.1074988718517735,-3.6087060767689993,10.093881835408705,-20.419484967523985,11.499503951927924,-6.440258034355522,11.25059846290971,18.31359211276949
-10.77731238014856,0.4249283234860338,-2.950378007734448,-5.668685126296782,9.454035365061241,-0.8176104049369725,8.158684165029838,-14.420381972963838,1.2613437237820124,-6.069131795651242,8.222375291256132,7.123171100908288
-4.94424315026308,0.2824736184801086,6.454808763478704,-1.4849434824527246,-1.2889556975336343,-4.227766231058133,-3.1287668003417197,-10.229777801835215,-2.3869087425783304,-6.543879364301359,1.3967363636712828,6.161390770814159
-1.8023821370049382,-1.3304980879686856,-0.4150282807722884,-5.877250597540711,4.414580411587133,-2.148986922887181,0.7071425651211044,-3.379053822960147,-7.0601622018933705,-0.6008902636650658,-7.899034654461896,0.9035165138990546
-3.5157241032959714,0.38951141531359923,2.098930697364758,10.968077468832401,2.695399551936103,-1.3039865114963296,2.2064792116801066,-4.441746000683668,1.7960792381801434,-6.187970281000519,-8.359245538179428,14.347550470416069
9.460458912863558,6.075660724823784,8.031350824759931,27.733664522075344,11.073072749323797,3.156856948190541,6.0251045762841695,9.673766218174203,8.76509451128581,6.232343973596056,-0.703301274971132,12.791320023954624
4.004266188511788,-0.12595284587068267,4.837758170085916,45.17484413415745,0.11857147760581377,-5.480987461106094,-1.4422246200673823,3.8826346428478207,1.044292025232206,-2.359312100874701,0.036244275770129786,12.237722076206534
