2.207176379463831,-0.3291148160548243,10.129210254861261,-1.8746940083663532,1.391705857408425,4.291178550825558,-4.139751786664354,0.3588905436309873,1.4104679332119685,-4.057111621115195,5.894818068464348,6.8664263824158045
-0.2983288735934491,-1.0608474344656007,-0.8960859330532227,-0.18074783556912413,0.35084674774586827,-0.4523241136234273,1.166984075084468,-1.8087189820771863,0.3558126203305584,-0.5184766141688619,-0.8375654233624511,1.318793498220926
-5.427557944178703,-1.382754751996226,-0.6866751857413889,-8.467465801054443,8.307954032666506,9.28967619543327,0.35475128991218957,-10.28982767620652,1.5816151644728005,-3.9565788466987755,13.79533573975549,1.7401255833663778
0.49234891501691624,-1.005464072671522,-7.881773360882773,-22.557954575711424,4.930803993709409,5.210989119046085,-8.409754005881133,-16.965873457557603,0.6070168574122903,-2.4527693722819772,9.035771184233344,0.8368635451530704
-1.9160267353633955,0.8169365146357528,-8.613537323867266,-12.284107049658516,-2.7104014390606523,4.792958031287606,0.023002462081274544,-16.173237490641213,10.744212152445868,-0.7181390801335974,0.6377688112455973,-0.4221743638682298
-8.68588936035837,3.246861111020845,-5.779894604139575,1.3327728656786775,1.8342504014375676,3.015331617431083,0.6667015623215775,-29.480959216583607,2.7948008292817987,-6.277542308757312,7.171033777253687,-2.1603705193992937
0.32564844378283686,0.5849654487493141,-12.71356784153907,-2.2537877901358634,10.49672330261997,4.345294440707742,-17.570261314299884,-31.671651748385695,1.5355696191410595,-1.7667433582519632,18.414853650964247,-5.308693883870549
2.569766891415118,1.340488360747235,-7.070834130694683,-10.581396184873078,2.6724227151778934,1.3326135520638138,-10.369222273613131,-25.647690134163685,-2.7593116950950267,0.07071897788893633,10.213260154355776,11.371379180506803
-3.535308063848805,1.2810631348568224,-1.5549203027122807,-11.944035733650193,3.037758740484033,-2.3454679517815578,-0.2665060989731818,-9.204290377795141,0.3601711059271092,-0.08116986763751366,-8.575268422103793,5.129089067461374
-0.24064717913047273,-2.407903300033088,-5.329615245162472,-4.876239991438739,6.782425027727575,2.4407070402177227,-9.334983616793416,-18.441642366537693,5.520921802448349,1.70224126694043,13.91252489605758,16.152016196991926
1.8730598511673222,1.7436687948357703,-6.178351475533369,8.400087414190674,-0.2248128418574794,9.953321702416332,-1.786157476770811,-0.011064669073250655,0.46859318056966903,3.4370514630160107,-4.270407054523446,19.034102975463824
5.098058332600813,-4.961944140052019,-4.689943846194749,11.408314839014785,8.524032567585177,7.460477471895448,10.196325271652208,-3.3233466376706686,5.3400622990856155,-3.0069996693897685,1.3730478792288894,10.35268313317529
4.482235555317758,-8.0419720200635,-11.144105702909458,10.350459537672645,4.02371820181754,2.927567569485359,5.6340922325694,-2.830500216180507,0.19100785427949807,-1.0777023150024603,2.5302806356687007,13.857221412046703
8.583222122930266,-2.84425963089161,-4.128254638595472,14.307951681591652,7.022939413410181,6.081374799340018,4.7921574224258014,-6.444287877308548,0.26490061123493824,-3.385064580308501,1.5653459696902787,11.523260640777881
15.39480141070958,4.85089511334529,2.7726922310599496,20.224975508785278,6.134357764581948,-4.905669728020562,-0.21807338093643963,2.3708092743951488,-6.142906405015343,-7.190395008765617,2.0728468102314053,-6.720535265795693
6.002891733423147,4.1180586527617,-15.820021241419091,28.736457480042656,-2.066987315986035,1.1124885466243404,-3.5654245461199334,9.374394762066546,-9.216368646190055,-3.2325425195747304,14.154388469926817,-3.7909411122173244
