-13.405516128100665,-2.008334566079425,-1.5491736648103112,9.421702331384743,0.69919719050738,3.8844543780654788,-9.670259461328284,-12.908926984164419,9.06655305144497,-8.62562853360248,7.516547183244765,12.874107333980943
-6.434016009957551,6.57127706403913,7.170273128880873,-14.576450040845456,0.1206491694645806,4.612537285671724,-24.1072712850785,-3.0638763271784177,0.6650377503761205,-3.8869485182937487,10.277258330172662,14.77557792198438
-3.08909972725152,0.4933066558595148,-2.601365161824302,-11.440926001081497,-1.756485618326359,3.9893902776961396,-11.803475919874856,-11.539027442731737,-5.183987977086138,-6.160421076993103,8.64895566403959,-14.089648592685355
-2.143233556518254,-0.7247504183613922,0.9040480253902707,8.860906744717415,-5.902059667006712,1.2310791504159948,-1.7425581631771276,-13.243123718418298,-5.782221821803965,-1.6472185245462476,-2.8811231536743738,-9.32966150507153
4.233099594833053,5.6004882587021125,-1.5646085890231571,3.356801971793794,-10.66830836365475,4.39244156200435,-4.48096879377304,-9.755808331550927,-5.565139719627965,-4.60285714669031,-15.123187544507,-12.49661730514198
2.346521305254357,2.0354025453348252,3.0982553258476075,1.1524229683504024,-7.689182226599442,4.900023365812476,-6.12464793557843,-20.46815268801049,-9.360329052389174,0.8865821594944361,-12.006331585959131,-26.588292688016097
-1.5206207617389964,1.2919737163483263,-0.09496296385923797,7.284486328722642,-0.7262664992558392,3.2451554170764907,-10.004533769357652,-20.49395927172667,-2.14722900465896,-4.677087986009734,-15.532544288061542,-22.281190571221938
-4.313987209456198,6.858485797243411,-1.1472539981910477,10.35904910058824,0.06574155447409624,7.031087487246198,-7.458683017457918,-13.412670343195263,-6.536141739873956,-8.58271756056222,-0.9598538227787765,-24.849563909163354
-1.8024715133266653,1.6190352220029274,12.67461203863557,-0.3012739947456644,-2.564842252721425,6.075642510777472,-12.985588970663734,-6.367833634708297,-4.769586277939765,-0.6765662029854548,-1.7648569252066946,-26.908814371806745
-10.811866828051668,1.1778749475545276,-1.2856422805010854,-18.9383587142691,-6.739053334052965,-0.9220971564304841,-4.635852276159241,4.148834307653462,8.236949929688674,-3.192563695735854,11.186965441367434,-4.173874437785392
-15.505659142387064,-4.50682133302425,10.751733406297548,-23.28027958366956,-6.208839563582174,1.0285706840066047,0.12797495836096595,-14.671498921113239,6.872061178531753,1.6502296981709224,-1.1398045572788376,2.3802989812263506
