8.114010314909647,-3.710719762127897,0.7364669922675966,17.298887965897958,19.345517427911535,3.2161281271676403,16.46037069968566,-18.2812530816693,-20.773879952863822,4.388143405132579,12.56762750169545,-9.19971633915782
-17.81073331130576,4.4029183592925945,4.512926795440118,1.4821805755159958,-8.057602771684232,-2.3093339055027884,-9.999735063218703,0.29077534163865115,0.7365564934011007,1.3913729073212888,4.0291016936835256,19.281142119861368
0.4472133221338699,-0.036023250812696084,-0.9815746911497127,-3.577651697316696,-4.052847170522657,1.864536305618321,1.191676583294446,-14.222314417278058,-1.5231236147298641,-0.8136037504270464,2.5635568193102642,-1.666098540248715
-3.492541551406925,4.84809134636118,-9.541070928534072,6.572641649715962,0.7076744759549778,1.7019136067972835,-2.3597056133735075,-25.544357197405407,7.8768622085200874,-7.84166601254714,3.0083448973316362,-19.485028117684216
2.273113543015116,9.557442858577314,-7.664017883802485,8.427678693381607,-5.773974492768055,-0.3186441384848011,2.0035050827624725,-20.06414254819776,0.3601122488000099,-3.5177037699418308,-2.332347089336669,-23.717503488236435
1.34115976639682,4.54887384190878,-6.336346708327149,-0.5552666037881693,-4.703354782902327,3.0724763952244927,-8.69581728741381,-4.796356544057882,1.113194580660912,0.9027273848080664,-3.3665377357555224,-6.504472868283768
-6.836247923833902,7.436770387747456,-13.654018505232902,7.1483294954025265,-0.10075357480996883,0.28428516336286097,-21.24301032918865,-2.9066047378747832,-7.657688966779897,5.664353270059069,-16.601789376610295,-15.55535863832576
1.6064136525061818,-1.4208274317244673,-0.24804192066358066,5.160684038476667,-5.6872476546950015,4.7559271842177875,-9.300693913497163,-19.237329697931038,2.9514824043586216,-1.669270468732011,-17.524186991944614,-11.708953439740544
0.6397370511032783,6.578422244208008,-5.76961394565231,5.511394647706289,-5.211273201367408,-0.023443788661507148,-17.501319462918776,-13.663118231060297,-2.848306940583211,-3.390459716147751,-8.47239537896343,-16.59038147759864
-4.315085783706102,2.540054068425432,-5.626240146180573,-13.586420924263233,-10.163337214457622,0.7174998708217983,-9.729537599571257,-11.823714725429449,5.580532355049694,0.8862480750983592,-0.561034166118147,-8.009129414349369
-10.094457835607859,-0.7318165893124409,11.787166802380245,-20.619691888114286,-10.664276436689871,3.412417079828644,-3.4581742834923626,-14.6907383776382,1.738240816416412,-1.8992238107221366,-1.635085088461612,-2.6735403479393183
-11.66641601405885,2.919124820148079,5.34391411003581,-31.752252279338315,-2.8606175152874935,1.2076419904456055,0.6253111859645454,-14.011822761972034,-0.008510826508563163,-7.8688300017069555,-0.026807765618221513,1.858478738893539
-1.3245219972429818,-0.15638252724157642,3.368800938244346,-23.327251509531187,1.8200577246987673,-5.866862748307932,-9.97089758909561,-23.649780660776155,-10.853219388791425,-4.386235059339045,4.469170554044144,-8.036254470262389
-3.3809675742897447,1.7885632499741644,4.933874909017712,-41.15156169141292,-3.9876715837725736,-2.4677685611776603,-4.689843972204481,-6.619138592927447,-1.1147353505580697,-2.57242483050914,-2.363027574077615,-4.923442005825374
-5.686370542575587,2.0584662638507214,14.345295378388071,-39.03247137923349,-4.533971404989094,-3.8173277362646583,-13.144047972600662,-24.93867106397284,-4.103524214934291,-4.677594177307306,-19.01684735282648,3.0999239501861515
-5.442709414592065,4.1855000794509944,11.922954310884869,-49.70582526560845,0.2817709710460571,-2.559772977951398,-13.836080575306836,-1.775559924161169,-5.365527258930876,-2.078421828677211,-1.142738745341403,-4.528635396300001
