-0.20766547228563842,-2.514601557887654,-3.284882022584629,0.9851794847324282,-5.510339363337291,-1.4605494812519786,4.6280093316885464,-1.5806337954432796,1.517004862023799,0.6514661457742322,-1.7729211379569234,-3.6007494699155114
-2.0488769308673556,2.0528279152909774,1.3818506361114025,11.560197987165212,-2.762386390455219,2.2273573554080515,8.331906174874403,-20.997069965435223,-0.9192387229567833,-7.239735886834755,-4.745601016694191,-14.014308897174246
9.768720191861949,7.586819260375792,-6.786512670278938,12.042754180609082,-2.600751126904674,2.43718545573152,-9.50007447624185,-20.07815482917361,5.661752061870557,-5.828198113939179,-12.508558129007717,-17.078452891083945
6.106858262827426,9.895473715056944,9.305497024529526,3.210452091023388,-11.030377771808373,4.3426269402264115,-3.202076988311665,-26.637751895239735,-2.6094587094159536,-5.123515831974756,-16.12321104702876,-12.924255022256396
-5.178594836145751,7.327676317891281,-6.204472707307257,4.191871612273894,-6.230287331701976,3.683103581066119,-11.7002080756436,-14.767313618073572,-10.400571144339194,7.855101944807158,-27.857778021127597,-4.888470604926149
14.126178611511572,5.302962364746936,7.375809563118613,7.661790527271463,-6.246706397893909,1.5979729224263657,-24.606974475037298,-22.712379514964123,3.006614563873078,-2.3887630496804766,-28.630863815504835,-16.343978573452553
7.907551343172398,-0.4332995291421362,0.541009987985718,8.991771617340305,-4.597045135124053,1.4262833948760854,-10.921432541812267,-22.875669132239903,-1.1781805479539234,-3.897337449213964,-8.08270270353006,-20.294798645326516
4.3042363018124075,-1.8138836312547002,-2.466659311106473,9.289520092969765,-4.244610672480634,-1.8513824668798176,-13.765365688931285,-12.395996106285,2.149012697585197,3.8389974506346736,-6.324267603018365,-18.21333150331544
-4.65493025608613,7.366400616083807,8.623749191471704,-8.543965798930838,-2.825205527593828,0.6025003736079444,-15.602640279537754,-11.077954712728031,-1.5383900099328198,-3.9363075706617616,-7.165540653907184,-10.396106256085018
-3.34254717226922,4.8339710424489715,4.550662015295078,-4.564317153671006,-2.3351732971444767,-4.357682905693254,-7.809951475981965,-27.23622281928253,-2.1590768058777527,-2.962882089235361,-1.0156617623653048,-19.99338275284328
-9.84547596180111,5.171863831825907,-1.827135373621906,-30.998899961170142,-2.952345179385462,-3.025469076867937,-0.2875968170197392,-17.483768079403685,2.5218675270038395,-2.9637768426816136,-3.4695916107747315,-3.1824263080090405
