10.557428402050341,-1.819673718838428,-2.9140750603082592,12.058342503147546,5.64716858349919,3.1764673585060375,-4.1515422694371535,-4.307395572857871,9.617184495512639,3.263384909086219,4.082028170723019,0.5395800343417556
8.886214590018701,-5.172707046703582,-2.5194511298320057,17.61731484853098,3.0063191227576445,5.225335852421963,-1.1788077058796345,-14.922540312785273,-4.525307625449419,4.261198202435846,9.997478119845688,4.560886174467833
-2.147366462600524,1.4167567071178022,3.8041835378483615,0.5672013929816905,-11.621631288078628,1.0380794786113723,-6.284789733976969,-12.64825587780644,0.8000286610819697,-2.081785716450062,3.404834378347285,-1.6488524456375657
3.1430132601433884,5.678275782631551,2.5205074030562704,2.699039910572977,0.1243454029028646,0.9754092115286419,7.436904997911468,-19.90983683652365,1.0476580101880275,-7.836300165401443,-11.407413835290841,-8.700815895215625
7.054993939524026,5.980769653995383,0.41190234976522494,4.294049072405605,-5.109069548789653,2.307099784888226,11.444945434524378,-14.10800856879348,-0.1250361176240508,-11.443418805562386,-25.923872015152067,-16.67953092369137
8.955078532630893,3.4927403387074376,6.409164513048846,16.750028506937543,-7.510390223087525,5.193021226188129,-5.060262348275381,-14.118540264938453,-7.246887540504614,-0.17578974523965396,-22.222658578080168,-17.18859222679878
-1.266095194472475,3.593220816000983,-2.741994739443167,19.83734561953386,-18.26457278384485,7.721151483342315,-7.534445299018413,-7.976778051504018,-5.057278258384846,5.939492172270898,-10.657535863069427,-5.191365105238271
1.2883678949523505,5.7057393095586875,0.5148485061570954,15.216667792248737,-11.717073211676286,5.182270973336477,-18.9854708081903,-23.37834502346172,-8.885073348239715,0.9671566867312867,-35.21867547399821,-3.622991209906374
13.68433394319759,2.967754829151222,-5.1305644319872545,10.737749805085148,-0.4378734471377418,1.45242929419015,-17.098140220033542,-27.33109793907471,-2.595505371691538,-3.2435677628306676,-20.200322641882195,-23.2973309432534
16.50401321700356,5.1081314352336396,-6.584901041350682,2.9190921343710476,-3.5615155163118053,1.412211393954106,-10.310170331844953,-19.266298602371897,-2.6897987261693683,-0.8061996122028547,-2.4664187695450384,-25.6759627183205
7.20934905251466,6.125065002120315,4.263626097682725,-10.031491424856775,-6.479423447202143,1.3797577526978808,-3.968505534028691,-7.018855724800978,-8.653858854517658,-2.481574148439396,-9.258713950211497,-19.9859786183047
-4.247111672959413,0.6125353611714641,6.86565432815105,-15.76367587560756,-3.4962868039400004,0.8549778439504877,-7.3131619784349295,-16.341747680934134,-2.065189194844944,-1.9509288752074254,-5.33498285845712,-7.688172509275848
-7.0536807558293,4.874279108994441,6.402313592163182,-17.853647964822375,-7.276742669052924,3.2797340086669067,-5.173051528992809,-19.83967591341547,-1.0932800351761114,-4.223729047735029,-3.3773924905232726,-3.145566477676363
-5.050555870498323,3.405202175845485,16.266957502015316,-40.547111250670916,-3.8808851638238497,-1.784036659652219,-11.369676625319265,-8.295858501431738,-3.5912612970955244,-7.126427858664247,-4.940445357568982,-2.135374643255061
-0.8739237451733158,0.42506815190782565,8.004974039179322,-43.02276109103791,-1.3475130325587428,-1.6268870078915036,-9.808642879278322,-8.679120421853314,-5.532238251154028,4.831785062873547,3.4035109050023857,4.3630708342807
-2.899962686731575,4.606354198944344,14.992678517211504,-47.98825182494369,-1.2113163794560289,-5.383809400341147,-13.5340284379099,-27.63144028516456,-9.75228630355865,-3.1509114780765675,-22.06561504324001,7.799037902465506
