-2.451797719923144,5.368424596774567,0.9661090950622239,27.421584012749076,-4.231131432158634,4.5132476892358815,-8.271811794059209,-5.886100364524122,-1.0897096040509962,3.299139090338091,-2.99687498017873,-3.000169711549224
-6.697595168738764,-4.097536653270772,-2.6768596619482308,4.1327467604729815,1.5982752594326617,-0.715698467408039,6.672833182329595,-9.967811402697247,-3.127896588176888,3.7919564115332625,-4.401511312340684,-1.8113101007846806
-0.9285815053377862,7.279760061643909,-2.549315346211692,3.718522109118074,-3.822018861560781,-0.045624496244079604,1.4508450528277108,-25.381642692482608,5.879560302606084,-9.969692763194754,-1.5612945998950654,-9.884646844659066
3.201339842287357,4.867676017250068,0.4940907402598942,3.09303990142965,-3.378940439382407,-4.304096421842514,3.355411392759508,-12.540707941488066,0.38704224805542176,-9.62380961438651,-1.0890677573013445,2.7302723191412577
6.293765008416189,8.0609609265977,6.7532985015678,14.033343678006684,-14.572146181855972,3.718354443941531,5.631459577195348,-15.768008183735212,-9.088975170959134,-9.392998462639275,-16.722004462896837,-6.159466475561037
-8.416907701558609,1.2964000451237763,-12.31989300307309,22.938885130861355,-4.22889409999138,2.6557763339191425,-10.024601317993042,-4.426949156445223,-6.102763108615684,-2.7515985301263006,-25.05224051444552,5.99310808519741
-6.316991548742571,3.239020091706855,-14.743646376091753,15.225963864635347,-6.67275251294644,10.409383687154806,-3.5622942767926764,-8.206020516946037,-4.523572036388837,-0.5250507932164181,-23.938220009857158,0.9849306713960333
2.5855661499338596,2.718292520112652,-0.11037898643482258,15.61371164184944,-1.423095715583544,4.449906058374404,-9.011090261495717,-8.001891553238332,4.20256418306105,-9.617889638066083,-21.487374481899135,-18.042068615835543
-2.740643640375991,-0.686305569117688,-4.983509927598522,10.36504631177479,0.5119121223722891,4.713379548869211,-5.995716043140902,-10.594406010513751,-2.400425341379435,-7.867575624086303,-5.586520622646398,-7.974932058224157
2.3715673801199375,3.244442210341621,-11.429312901387876,1.8545553343298016,-9.499010399790022,-0.1558588699780059,-8.35518206442942,-5.687750402280679,-4.982676951988768,-2.9719514317149067,-2.4830966588248287,-10.236093530933022
4.177694759346223,2.459575052113285,-6.6089309343958655,-9.402360612579702,-2.952992237274432,-1.1329556457527687,-11.699736992177042,-1.1358728943001084,-1.9756003364655492,-4.7637755166451825,-4.1614483272949,-9.641484914043524
1.5959199148986696,5.996904517519754,-6.352385026492083,-13.508380678729036,-3.9901325463407815,1.0757643876741634,-5.963816896926,-8.563133412349059,2.2664544962826074,-3.0116213034359753,6.664251056079082,-8.613062082805591
-1.2234802775002385,-4.191687895776597,9.398863061033676,-19.541847883505348,-5.208987383576414,6.1904479266597905,-9.736366255851213,-22.695217409609125,-3.8756566123251246,-1.7677309412663118,2.1065803540434342,-8.912909273643951
-11.502824610596939,-0.8565289252437647,6.7279067847509415,-24.514813362569168,-8.49877479970623,0.8243897417460144,-0.607819313874004,-17.827031779760762,-3.616151888141795,-6.218561354330221,5.366178645504258,0.7908992967170492
-11.145323444261965,0.2516029078736821,3.6610665391495965,-25.281944083355768,0.5323726518032574,-2.83317477097109,-3.6171317460129284,-21.838383675014917,-8.562700287219506,-8.058135031989247,-0.29820965785136533,-1.7055596275982827
-6.88591593891185,-0.908625520278636,13.122060902808084,-32.667061897565034,2.1585949662757122,-0.4046627143592667,-29.723470134483758,-20.430452144889394,-1.7368110378160184,-0.3022940044288953,-2.7775388910828487,-12.11181171476786
