-4.3701631521249205,-5.955822706062485,-5.536759141314802,14.166014162348958,3.347344572467498,-2.772287639301843,-1.9020535292973466,-14.304227729906602,3.3728310924751055,-2.5368100110530256,1.0556968185337285,3.3959246079670207
0.4354740354135026,-1.6966322121032082,-5.583801434608669,3.610197045390887,4.4779019957148485,0.32787280643441097,-9.772402164393672,-5.09892293554046,-1.198003671525174,1.9848677319919705,-1.8615671480385412,-0.4997266707874965
-2.774562289081024,4.303085072994444,-1.874653444766944,0.60303814962705,-4.447858290196886,-3.209759328860178,11.919163261089484,-9.090363261616563,-9.57480482665791,-8.123038489399523,-5.623739472935437,-21.977245327766383
3.6473788181178635,3.924461647087703,-4.992276893203356,13.07160061119423,-3.005800760937944,-2.448836708343816,-5.844693380144631,-12.044067767222552,2.571476767713799,-5.474012266678307,-8.991918748297437,-11.17322503998453
2.9670144873072193,9.263254604854222,6.708248844746544,9.186496665785063,-7.979152507070413,-3.1148763546224782,2.365964665961576,-15.907197167202877,-3.732293972253002,-5.318280299964852,-18.754958705025068,-14.365404619977523
2.6247207103707995,1.9334424474075838,6.352159696484677,8.306400290774377,-6.080462308605055,2.741667885833266,6.429872403092751,-19.81252359704882,0.5351938825109223,-1.1361873833045177,-9.194952929885545,-3.5253705439933816
1.0120502212368372,1.8231067870673634,-5.717637156997405,18.528779810250743,-7.397907425178151,6.9173625960616665,-12.833335931246507,-22.412463323321212,-5.884519283449177,1.025829990802401,-27.880223709174437,-14.627533513349418
-5.991655463194749,5.460708889483684,5.305409083762287,4.504660961568657,7.458743853670498,1.661571333374563,-16.793264658663826,-24.337808424636776,-9.278046757631056,3.882523000915242,-33.313407176049374,-22.738496755374307
1.2064332414601444,-0.6834472776001079,5.234175276951974,7.455873764745593,-3.0895961143339594,6.257508417072308,-12.76945540381236,-19.956789338499163,-2.727431231640377,-2.197636885226064,-11.824041948303915,-17.934324592487442
8.026262128211995,3.63396136459607,1.3177508323069447,2.9820486620570685,-6.142503660087861,-0.875476693313413,-11.274707205734755,-17.695066025721125,0.262275192508273,-7.6083863169122266,-12.02824214119086,-5.449057530748781
12.067965748879338,-0.9924870885947872,-9.798728843932793,-28.1076809279279,-13.330616085469066,-1.6682480859547546,9.301015403120546,10.702130326818878,8.502870424547403,-4.3057373029961115,-19.520465946288454,-23.22114919356082
