1.8342280247178906,-2.8436460474801413,0.1681692234092872,-6.624026886619077,5.460617882134244,4.268141242395961,-6.232957801979255,-9.25590467789989,3.2762344193905846,1.9832923995006482,0.44996759401149455,-9.634017523316954
-1.7546306272775918,7.14355404672185,-5.602551349877896,-7.2317021515532955,-0.7398728553802565,1.1953917745775744,-9.58818926666791,-15.566870306988742,10.00571904770887,-6.269387522470895,14.313130398411866,-13.943904746480971
17.740515425811893,5.346623201112051,2.5464351694592593,-2.931031577771086,-9.878287661490129,5.483673417898619,-13.52119466825162,-18.214113406339862,-4.579362301781375,-5.903745197389795,-12.068387546948845,-25.57774214254233
8.196853270310555,4.4561748121404445,-1.1693079086104319,5.335439195215872,-5.832646875299347,-1.2404457520035237,-4.265713281560087,-24.169810431811023,0.38640966396605236,-8.506457669805004,-1.3389071161992092,-18.221622245709217
-5.7154934769998915,2.695377056332149,-14.708760115524303,-0.08190676861382151,-0.4782676537552526,7.163957674371729,-10.60342817554345,-11.903174720974855,5.741208594092438,1.328679359288695,-4.6428272489171505,-31.618604920442888
2.5682473124388476,3.970135315743383,-8.413484903172506,0.30909536950729377,-6.285337144245355,5.410449110897133,-7.588732880520912,-18.50900565289251,-3.258204577259791,0.5907410270767137,-8.732721933347612,-35.830678309550635
-4.10664079620165,1.1619792696362512,1.215623550042611,-0.6535314962274219,-4.825108832381737,6.327084925101018,-19.502579039569085,-8.268494438208114,-1.4663671424117295,-6.809615121489573,0.9847576768917281,-31.704739871987957
-3.1544250511676806,-1.6628967109496164,-5.6503290046771975,2.6388997872484694,3.508283193941166,3.417646561096015,-8.497284611617808,-6.164937803827978,-8.33230693885638,-7.367854318163222,-1.1109561908672752,-19.134680192318836
3.3306749822182997,1.5266513524757164,8.880995938595921,4.311444464381319,0.5635884838086798,3.242760058463115,-10.58800595066294,-19.86926366489595,0.1224376843492343,-6.554622388109553,-12.831479819986594,-19.67298628515352
-2.1496779891065745,1.2340884268869698,7.150967000948533,-11.988195647194434,-0.7402906748059613,1.5703428200958396,-10.706895345003169,-0.6026353484169058,-3.0519982869922178,-6.641628520660734,-0.016979173401175718,-5.440848133227556
-6.15309896001727,1.9824524568836284,9.441762408950751,-19.914006633126043,-3.25251611769582,-5.030533974899276,-5.073145110635404,-3.3477175236612347,0.7814872917511707,-1.7157424276498432,-2.717861710851458,1.1712773280850286
-0.8626408321206016,5.03104778891793,0.7113290436222641,-32.94918742452481,-11.629194426573385,-3.982105906396864,-1.243174662303283,-7.632260174810174,4.676268242431262,4.18467916680174,6.852709364077819,-1.5679002284031207
-13.468720893207863,-0.4105199763173508,6.346659022251318,-27.308522331139926,-6.500667886708087,0.6613917495953016,-5.512501329691198,-18.674954300364337,-6.274586536936255,-1.01114740351129,-0.05122616624719667,11.887142603379514
4.0463874480383435,5.064335300051146,1.8681532854350715,-21.410668788331748,-0.11190309882890737,-5.019696274700166,-16.6728491207914,-21.143629479259392,-6.364351459913967,-1.9268348816466387,0.7034637795530103,2.9042024208405195
-5.713205299137918,4.021941871911299,3.4266181329765417,-30.67592124075898,-4.711522909967557,1.2855788179188012,-11.980957235851648,-20.00412026405748,-7.9683937328885746,-10.353002313209334,-4.6655027002010705,-0.31163071079632143
6.890510161829616,5.916971428587729,9.424394205618654,-47.537634207673314,-7.31154727733429,-12.873437081499842,-21.52293595833816,-22.605255027948747,8.941024256435602,1.5495464411842783,-16.500191664857677,2.941780798685609
