-8.021112524609897,8.751434873581077,-7.104880604030198,1.9335709303967823,-3.4430748595397196,-2.0814448154543195,1.5542973096644221,-14.442203747080395,7.254900323638035,-1.42087004438185,5.1466438473642,-15.322336365170191
-12.298896428004415,8.848623210133136,-4.999819255155147,4.062261723090732,2.414631237431333,-2.05260433081617,10.575215994231732,-24.512154538970716,3.7300969461022935,-9.267725259701812,2.9362876246670044,-26.545313530368286
-9.419084748668553,11.231493959689832,-24.63803976759619,-7.883854588608702,1.9178869797167546,-4.683012169811838,8.221327523909812,-16.393071876914952,14.582758401710063,-7.215608353183081,7.040302275375284,-38.262537456697565
-3.6092560141423373,1.8243255944260355,-6.881291198154742,7.473507472888482,8.336426950033056,-4.636956417085,-16.1630122163104,-17.037759450506748,6.217494117291432,1.0849755469401474,4.6709108377997595,-34.92806585024187
-12.3851557022735,3.196796120991161,-3.9808832690429403,-16.44025495394966,5.11161550538923,1.814747734969614,-6.185110393218802,-14.716999816729878,6.75328934201141,3.171631537499339,20.012850986035804,-29.121658153579904
-3.4813154778177147,10.959380527652296,5.912808819652411,-8.717365333600881,8.403647167183385,2.8984713888580194,-15.117523174757185,-16.286435430238054,0.9468484256238767,-0.02185260872074224,19.049298988330122,-28.737007577286423
-5.903746590105801,10.68699567733065,-0.18317959860615574,-1.2233918940009296,1.8085000920506635,0.35874922865397396,-0.30894394002943293,-18.510306743673905,7.408329048386044,-8.753116930116725,13.417955154771079,-28.097107278454548
-11.50825826542947,2.658747154986002,-0.0384846983288778,-2.5402986485787284,-0.07435409290002637,-5.071446253340289,2.733820864110257,-20.49200672585909,5.953437749852977,0.09310421102285993,11.36657348331367,-14.481611267162586
-6.194075675900042,7.972719523185902,-13.856243387709338,3.9938272377973325,6.456278465375307,-2.0536987506599944,-5.375679537030569,-29.392252851716474,9.05417078032831,-9.02000044466461,15.353877167344441,-26.292767272473718
4.816120265999727,6.9914306082394795,-10.29666088790688,-5.736284423727123,6.991609086236516,-0.2964648927355925,-0.01957647607573043,-25.468011486115785,3.6917589383670526,-1.1782706385297441,5.166344696710317,-17.45022366873443
-3.8432186757935405,6.328704065752674,-5.274542074634001,-13.62963192104634,1.3275821409030857,-1.3889974549882067,-3.958615278817875,-15.598386744789172,6.402416777329082,-1.1520877244878216,16.10201271933415,-17.539467129460782
