-3.421433250752756,-2.228973946071998,20.386436061631453,-5.091023195712725,-9.329948344792005,9.552234264842065,-20.755698629321376,-6.666459661887251,9.124837763905896,-7.936203091792937,4.369856019452835,10.937016674557995
-2.214127775118936,-0.1183357676158797,3.2883101384138236,-2.8383316859110255,-0.6482891168799904,2.945652440621582,-3.1163465690665593,0.7148804340566842,1.8140576478961161,-3.3463465481243535,-0.314900550203282,1.4048447847665437
-3.574333250251368,-1.5190839872809838,-1.5566130824693036,10.768476082574306,-3.384856398608346,-2.3717255116562126,-2.835923135592819,-19.050083794841854,4.550999683634327,0.3954310312783633,-5.630918300612951,-7.142350378832878
-2.7582148302792766,5.408122936312056,-7.384248066235086,-6.181961035077794,8.56508029434274,1.8110800598225805,-0.4435476700006359,-24.554614871806447,-1.9502901680685332,-5.06743418997819,8.137626419798345,1.0644313608971467
-11.074479197690284,1.9222001289169723,4.494956745579922,-9.344737158306604,10.59392891511997,0.9817049987716872,5.274237380451709,-34.41739993122017,3.3566745582571773,-6.647236543553742,1.0999918320058533,-7.95710060963615
-0.9337787534536535,4.967226360812022,2.6226577862967018,5.457588655849028,10.962212649705645,-0.7673795424977364,0.18664541993581785,-35.32343532207756,1.8691862869673486,-12.118692972797904,11.593079802033323,-12.602516046039703
-5.349879924642722,5.5429577667853005,-0.888807545042646,4.955475234567926,10.970204603968831,1.5897318584631246,0.6226486198640956,-27.078396092676826,4.292224314902981,-7.882709790757533,-9.797682535965153,-8.78431360054255
-8.832470558110918,4.132656696417657,-6.380623537862293,-0.798485187797799,6.624849606554617,-2.993635824036826,0.6175787697799149,-27.50383233785372,4.8607231380869695,-9.307641099569752,0.9896426008080348,3.590986873230272
-12.697038348063714,7.50669642750714,-7.332144623966122,4.775126291392787,1.6780985085448457,-2.4708096204636876,-9.324342108707409,-13.448374445389861,3.086485388387854,-2.976658127174243,-11.729087889331193,3.218419906836039
-11.291509457600304,3.63794407414814,1.8964720475390267,9.228530651864586,-2.01770063402061,-4.780746168084187,5.483965130394459,-26.64399229192962,-0.3387796884907146,0.6394287754175614,-12.423006882244085,-8.923471696314438
-16.973469931061835,-0.5423409185070955,-0.06923467385634652,1.5417979127656265,-2.404870791797222,3.174794053960087,7.116284413065084,-20.84700771579131,-2.147755339592641,-0.987507248032049,-5.9721782225899895,-4.166622594786837
-1.762609991511955,-3.273594470080764,1.480282122291571,-22.409651565684605,9.926782010044587,2.0363351639034595,2.402245636947473,-7.738257497164467,-4.627107961754595,-4.599328799766325,-14.343716948311526,13.18330700568993
-7.894012756991472,-0.7602395656986518,6.242636501862256,-34.74021110481945,-0.864378785445169,4.8915693237052595,9.445086173005379,-21.34961434726179,-3.291183905848739,-2.109638028262776,-22.141105007038014,2.5672301743020007
-7.844005134097499,0.8604567497600502,4.554572373163218,-54.888893418986015,4.042682616223763,1.188392781111574,-5.787534179151343E-4,-8.357351946228793,-0.3584628416181501,-2.834271041914644,-8.830953494219273,7.5391922466707175
-5.999526300402285,7.218574808884751,3.5749671618140324,-51.040713997942746,5.939484292566412,-5.339885108459707,-0.7869090340339334,-13.819991880198334,-2.7729706245528667,-3.826002128388516,-9.340565649346637,6.402683289174488
5.49350625513985,3.1284284915475453,0.26321203332891896,-15.446254820124656,-3.1978883501092796,-2.505048563085948,-9.478482722705252,-10.281411095521769,0.69754253520308,-3.3609960478824084,-2.2372096872890253,2.166756771843275
