-6.997758244068422,-9.226570450148124,0.4773199608067894,34.138931404474675,-7.826948343837582,15.796687980881929,4.7380913859612255,-20.764127937652642,-7.117349240260434,-3.0286896001560195,29.038357019141184,6.90290320220726
-8.793195139746095,8.282464379384104,-9.470817795865846,13.472599980823713,0.4845113948022087,3.267813849517218,4.072196496405323,-11.168387513992085,5.460544445450956,-1.1363279356917517,-0.35234391481835725,-8.485615987418612
8.022147496373318,-6.404275906178764,-1.6125006914979894,0.9135291277195464,-6.827078604736017,-1.3402740072074508,-2.2790161107007183,-16.72669739792342,1.2338223329266371,-2.903833997583411,-1.2581150636685872,-3.7149337637721755
2.5517544703761716,-5.764727632589173,0.4567702029452817,7.841759112438377,-5.32191300724898,-1.1419887176391845,2.3326211160582386,3.47999179308706,2.36519124585576,-2.5727570146860947,-9.964278737406842,5.902836759799915
5.523559627551374,4.365734739976623,-1.609777549217035,21.749285827473347,3.8979813813384023,4.2204355917513965,-6.159710299303871,5.035920537996202,2.1583686896252967,3.2428775309301803,-11.113342970945105,6.166123305870882
5.912218343979587,8.237792518834905,-4.737506544079061,14.79510602765583,5.519605229875999,2.8235503026868907,-3.5080142784807857,3.551600097915496,2.46908828998641,2.9281640836859064,-16.565431863504344,3.3886291093171157
-1.3290345450720982,3.3940524018739167,-9.818837019311339,10.731814294727323,0.751790750710587,-3.1808302491547136,-2.238095512052276,0.4187422173594364,2.4979647967421883,-0.585184890636651,-6.156980624399998,4.377912959329629
2.307514964959431,-0.027867754517478804,-9.14506078705751,4.50023759679806,5.833290179255008,-3.995759743023752,0.5251083379393908,-4.678600930952365,2.599020992870949,-4.713745612913275,-8.094385825135554,2.15703129628905
-1.8188840634912253,4.553769271709515,-6.721004193346664,2.6859400116245102,-1.077822697637452,-1.1561853303928733,2.554504976059276,-4.173181838963376,-6.109276388282133,-2.3914198152896944,-10.368634024450422,17.17546520488762
0.7067376088884991,5.108838575315839,-9.981545763540087,2.5163632427739953,-3.52634605197823,-0.8416589673313724,-9.875670527084104,-3.5732961452686536,-0.10983583540573028,-1.6251309213138718,-6.390738289221185,-0.44770844163445345
-8.99420514499823,6.257221673496031,-5.8536038058752915,-2.5901677747715692,-1.1073488429061356,4.534919796193015,-6.379237071439386,-5.3919095808289,0.19182258983857814,-4.5092605532267,2.2425130396183515,1.2373474896227385
