-6.096855556197812,5.73504676377934,1.3006687432991813,-2.361201638979586,3.517864609280558,-1.6028365633693973,1.4972397992388693,3.0378372006472634,-6.486768421585678,0.054036921480086875,-1.8702529767421439,-11.089882046987434
-1.3183225933072737,2.799442211374518,-2.11604458530246,11.580472857471431,0.7006112460285219,1.2886997401841886,-10.077589734774605,-8.830948741638519,1.1277045968518413,-6.445783600288573,-0.5362622088703564,-13.384709831464276
0.7723950158097832,0.7885164187633276,-8.940491865324063,8.236430974239047,-0.7694253393122312,4.161263341536378,-0.7865681738455181,-6.051820729736517,13.180786073408548,-4.457176539189481,-0.1635840735831584,-14.113768712561122
11.631361983077658,7.452534463652262,2.7107704799641237,9.093472837050838,5.216593706367272,10.843829762917794,-4.617955467653641,-10.093125673520621,3.038457594187297,-3.9681262786193203,5.5824239240948055,-11.914222141935744
3.356434801528682,3.854624444011943,-2.2419907325152333,2.6282377664742858,1.608738913619612,6.924045143003977,-0.3663974193147568,2.9833615826693443,6.502178435809313,0.6045929433388033,1.9891601013932902,-1.295766742485545
5.699056996197622,4.188847924907304,1.48031127048933,3.4166436711976553,1.6784476465880358,10.515597408570926,3.5102175199693484,-8.370999989886181,7.251209252236178,1.5873797478663807,-2.224575320587144,-4.977461861909775
-0.24688408713721177,4.556068468262686,-6.523725733733651,-6.39436637409021,2.8034277736021562,6.159155905257734,-4.898699316313368,-21.837925897955348,8.517070390785086,-4.882536048977962,-7.435875228130107,-7.137124336895977
9.854886154502395,5.112470823752542,-5.927496447896069,-3.8804400414323528,-0.5786324665291342,6.13837204617079,-7.226031700271375,-18.574365312797184,11.318472858233866,-4.617308241659826,-4.734988979578027,-13.878136447078994
-0.8243791124286286,4.103523578618898,-5.691809024118215,-7.1585180249679246,-2.790422545908055,4.006864696774676,-13.025907773150545,-22.432955114331406,10.817722754427106,-1.0614090100453222,-0.597975720241144,-11.201245409275643
3.3866955240378083,7.829486997850268,-5.928995814835806,-14.319165689177149,-4.193938571623448,-4.0593412309502845,-20.794728295544115,-13.992512933912954,6.620018815147444,-2.2726978806548574,8.836796219566445,-19.246973333405656
5.858241679923665,5.073965011563891,-5.915142027667148,-17.043266979027887,-4.170205502645329,-2.8530829735251824,-14.790528392036418,-23.133161873966117,6.774978351721826,-0.5933751894424768,-5.892535173210999,-9.918807246491543
