0.5254065873309777,3.959311763306123,-2.605056423917262,7.517166561490681,-3.5306004902421697,-4.910524236965907,1.9091063683118066,-13.96072390779412,7.31732930572214,1.944993865374795,15.211731790069969,9.870810926537448
4.066863913688656,-4.012477642787769,-5.351032112778431,-5.8672679579350735,-5.012646077756597,3.6314723462156677,1.1963057897900493,-21.089779654072224,-2.561739920617646,7.1078133334992915,8.031540483970993,2.190237831602338
0.09226470799101535,1.313979620468178,-0.03241171014131619,-2.6908351555104724,-2.247998211203779,-0.20853152057865731,-4.180146489178199,-1.4100984269232972,0.7065150337244883,-0.07363560232846528,2.7874907926911,4.452760925962068
9.159329660952974,3.1574493060819746,5.387586605311597,28.044954737633812,-1.8903064483890935,-1.8973662772050628,-8.707307423676763,2.7616722532162283,-4.066110449373492,-5.444951594613393,-12.147632676010604,2.4974756785210457
-4.938770195062034,-7.456368309661239,10.645574447180692,25.48276589298363,-1.8474164131633426,-4.688334342873129,-13.780487770534766,1.4237372316862005,15.92618111308222,-4.730803133997735,-17.23610976620829,10.543572172775738
-2.242271498792893,0.45526873749740004,8.043212197599251,29.89498083294141,1.1961576772196256,2.2058841288482802,9.927756688460875,9.344182426274752,4.7447679762390305,-1.1881105653135138,1.7117895032048043,28.905583303287738
-2.3190048361849414,2.863922009532863,5.008795012678244,31.08185148362047,4.154963212001619,0.3551643151960196,8.653886262173147,12.918690520653746,7.433479423962133,3.7641656268903647,19.8326813015012,21.598142545234634
-0.9178893552862569,-2.0088002085984678,-1.6706562473775122,41.97690517060643,11.872810411474134,7.801074814982591,-7.357581976653906,28.040398698061086,2.636622527346145,0.03076562643506109,7.314814148306068,9.388958957157156
1.3666014537838653,3.912139008202924,3.1122972310007366,41.666559491899164,2.8361573925941106,4.905240340108581,-0.9201806729263123,27.32889487872914,3.8847606568576905,4.136713663808996,10.805127683097448,3.6792144936743787
-14.979248625215899,7.462181309349477,4.771241456479256,55.99776423646991,4.260959684461864,-3.326152680724179,0.6121991571458395,21.692479858056963,12.311818239682395,1.5987672770542969,-2.9561847698240706,6.928745389312475
-6.740226657342479,-0.94090186504424,2.7440543605549936,57.00474306799279,3.00178544584477,-4.033027901100768,-0.8471965976897358,17.226778063238587,5.90671356809857,1.2423727337620476,-15.778839164182736,3.9874452330059103
-10.861004803325944,-5.405621866662205,1.3178813802125726,34.12616915283942,0.3089894225791585,-6.418809938562458,-1.2741588111712514,-0.7762969802619519,6.782780638914472,3.478606354315257,-15.108167497101375,-1.1849064836008492
-11.306251915936397,7.6657485792953075,-8.204306649809817,31.13165846777785,2.2459348066574196,0.6627604483622676,-9.803534602024179,-12.75904163609426,10.155427198092948,-5.5445712598163475,-7.961699836223717,-18.483676634510815
-6.368431713790708,6.819282946292816,-3.638554576836042,15.46741323206879,1.8280656129572634,4.838079935686336,-8.237117916329305,-25.509694460915448,8.787860329722111,-2.367676809795862,-15.858427023080504,-10.018689255957883
-4.731828410869529,-4.464062432330358,-2.936721975666904,-0.8785266555573985,-0.19602041069667653,2.5006308395285766,3.4857382461554716,-19.989379760013634,6.711580947218803,-1.2231402527739395,-11.419837240492786,-1.206625331263242
-2.833376918957682,2.0966514009741495,-8.984585875938155,-10.461266972428419,9.40944227007345,2.160649112386039,7.656712827946198,-21.946835644900794,-5.851950045719793,-4.09822436453895,-5.447733972070075,-3.129746979562663
-6.7610472582128285,5.102227241812849,-3.6029330083582285,-21.508395054753834,9.852168304105724,-4.38464006176399,-3.24455009902568,-4.401611024140126,-3.294128916005567,1.039063831384674,-4.875629789487467,-3.4189849679946427
0.8210700869406922,-1.4256358584006463,-1.7307431323939597,2.5751566845908567,2.6503850093993884,-1.0933344916848668,-2.5382932698471157,5.889391875978089,-0.33217681739486027,-4.364090936282087,5.941348505613159,-0.3125023422081492
2.569423562834176,3.375777413166724,-1.1579815323246483,5.030462788802337,-3.463505093831205,-2.0607281399511415,-5.596340623226875,-5.976111506369063,-0.9857425155602703,1.9236173588364949,1.4936133221344217,4.650604696502831
-0.7820993664638891,1.496406737404825,-1.6794399536680702,3.1871255082650998,0.9406235360561199,-1.9469646825096034,0.8605869752812604,-3.2514458439169833,-0.6752130145486172,-3.975717324441798,11.962551256620996,4.1649169847591185
