3.9988978804291047,-9.203243531390951,-2.5098680762997443,16.879607691065143,3.7369981810216837,-3.425677227432181,-3.187232828393413,2.2938747458595152,3.927869877072096,-2.306910060509849,-21.233030324056276,-4.414954708456988
10.68080924116291,-1.6784010994401968,-7.312656581965031,1.0235653045989193,-3.8084866763699488,0.16279578073430273,19.573319724314878,25.643456314718833,4.742639535795796,-1.6555504941028907,-10.630764495728913,1.7317351521392388
0.6379592137139285,1.9201853717799056,-3.018981303953985,3.3320723120904403,2.41613358159343,3.219330823003683,1.7021299132175043,2.2804353089847287,1.005248090897144,0.8501368767405764,1.4315071421937366,8.645519547596846
10.186009231804627,2.685448457434058,-0.7517617201007344,19.333491266164494,1.0366198277149365,2.73272671191272,0.7404528670678656,10.34718571654171,-1.9499921161053844,-1.4903099909221311,-5.569934786634766,-2.315216814105267
3.6100727678763382,3.456803633678044,2.807216816925671,20.270565301680637,0.02779345171005565,1.8348238492301263,-4.246490817908689,5.664425752836743,-4.962273510093861,-3.86166146194906,-6.663262707489608,4.702035413128195
2.4001493742637745,4.06551266671053,-5.762769983498501,21.909169245261275,-5.206516354457009,4.707313291765537,-5.330437675737759,13.028476728011436,-2.9588880675521505,-0.6368913154188831,-13.905210691747875,7.071532036220269
-1.7309337575846722,6.313373068508518,-6.067414499053018,9.464699536447037,-1.5775650773933965,2.042857746088914,-9.899011440837468,3.252969812485781,-2.7225595779837746,4.078299507422711,-7.229102117503398,-1.0696237864129619
-3.2389183414083256,2.8812287124707625,-2.548316480657553,-0.5370580112249419,-6.973718870024746,0.7659392965598419,-1.8967034186847345,-8.085110312625844,1.4113769056781926,-0.3124903743038763,-9.188963237601445,1.1778183824176667
-2.629274094007149,4.058428522774824,-9.713608080568909,-5.751111056798276,-5.071068466084038,3.870312151720559,-4.610773316225291,-10.978257473379182,5.322358338061601,-0.5347320433776379,-6.162524558719173,0.8646180193289315
4.25978803355294,0.9604171922874798,-2.7293403011673396,-6.730986378121495,-7.358455686016898,0.5208453844641273,-4.505575163103615,-16.35700155887221,5.322122000824166,-1.3434616383479785,-11.261530426384823,0.4905572236658635
1.3321256019158632,-1.4750470830294025,5.221522175950714,-0.6924698406592502,-5.743513362112339,0.7758071953751299,-2.222970670530575,-17.070225732181147,-0.7257558706339027,-3.7087467718901457,-6.548514037739896,1.2843105145319618
