3.0799783210495506,-1.2557889058713192,-4.4178830802128415,-9.512529739474099,-6.1793419158201885,2.062955875725066,-2.2060365110830693,-9.099520931487488,4.185778416717874,2.042980717488693,-3.943753786958901,-2.255898350128465
9.932105296243728,-1.6646497011406203,-1.2310338075900231,2.529039123601773,-1.5603171437108625,-1.561026112764308,-1.8118696818748121,-3.1934150281168474,6.9370726308364885,-6.460717673949996,-13.071754871207187,2.9240059781517367
13.225077952053265,-5.88783973967168,-7.232042286320653,14.531420840155398,5.621762231515909,-2.1186117523102763,-9.037467424278246,7.086438380840433,14.972777517363939,-7.200532630754327,-20.998596089001115,2.9593777448218486
-3.9958303007299034,6.1294341280349585,-8.545655746487382,14.029458364096207,-4.7711466248907435,0.4835463163859184,-5.747704847645656,13.23991367924577,1.1279238387150032,1.4642364131074745,-5.8715304637854775,12.023557407368603
-4.336210465524214,7.592161680498009,-8.524101265273382,12.810088885731261,-5.6779989806632765,7.591706192008267,-6.392905846395932,5.897850419694433,2.134728268214762,6.532607891466136,-15.212347663144506,5.114180172016175
-3.3559068677613233,3.619064157002798,-8.739785649405007,16.65939578102446,2.4875183220065855,2.807299071559373,-2.9481403014001515,14.446080262182948,0.8859767004362409,-3.4688854145643857,-9.337359612065908,9.343724274516475
1.0168036937985483,4.897104714879675,-5.570235556686274,20.217225710701825,-4.2407695432090815,2.315365550644675,-1.437853497844673,14.133258814238012,-6.283027900287313,-2.636068572301073,0.11304528406237369,11.680766183832972
-4.100382092265734,6.151861683675662,-5.032789293621962,8.446490785703086,-3.53599306809856,3.5747863008684044,0.41925900974747504,1.6433962569577032,-5.897590495774961,-1.501193431112077,-1.5089517588787884,0.3186109824832033
-6.980245321346061,9.74244017971849,-11.484127968960646,3.216307343556102,-3.3285006652779066,0.41243165301589446,-0.2663709397548376,3.698254383623749,0.42858804335400347,-4.9375803318391975,-7.780200592841144,4.745840978609739
-5.700211334784663,4.411031506884701,-16.529071327319006,-3.514454835769892,6.526047310050283,-1.864012523327958,2.726071438551026,-15.548954808469277,-0.8722817343028746,1.3603645616633688,2.8150962482486874,7.061930319174752
-0.7904236330329644,4.33060714893943,-8.967894883730212,-9.312396719184639,-0.5253631934408269,-0.07927413499420011,4.438567062956436,-9.943500775168417,1.8531417647265618,-1.8138625220989504,-2.486980918786214,9.088886026418523
