3.766023318314494,-4.1840188162375505,-6.491134599009122,3.035898583104262,-0.2904898438230473,-6.190613154427071,3.006130208228393,-10.30091254026079,2.681183688331998,-0.699120095367243,-4.742515724156292,-6.296976272957747
5.08133083130249,-1.8127135116068662,2.632193513085739,-3.631245200891085,-5.557327869337065,1.8945959030468795,-3.6896219856302537,-6.93751151806595,0.41176582440117054,-0.18070423473334882,-4.280759160011603,-3.877561155392162
14.942684598829976,-1.1418115979425454,-0.3154095603908244,7.865262597400379,-2.16631742657181,-3.2903909152335156,-8.27374345506268,6.796869895056968,9.165627732734155,-1.0615479268207568,-7.882541499459991,2.3245883894042167
2.607117640376019,-4.36179169277807,0.4793312410069017,22.013296537473238,5.390436059047656,-3.3144522194478534,-2.730649550327741,11.568852434133946,5.614392928665696,-3.349516336534599,-11.240494507899705,3.3582589550528614
7.342203916047228,-5.455889019862259,1.366463647071586,13.292522714794135,6.203134138780136,-5.53735858070211,8.808364873782338,7.624690707330689,5.380200816548166,-4.109466808386291,-4.617321421200365,3.921405399854209
-1.896554495144085,1.5497854433909015,-10.039647602316583,15.193101497510638,-2.1714312882252287,0.08059903669837974,-7.079775577356204,10.372099049935548,-1.0454853556880765,2.458108536005841,-9.302021697496723,5.692595194642061
-9.82903881201099,4.736918620149315,-8.441054834926986,9.151631585507749,-3.7539970791776707,0.8057744162283859,-5.937277565541196,4.760575991917116,-11.647589733186685,4.711086090008699,-11.390405822848022,7.0304955984529816
-8.268449949675157,-1.3389411396050537,-6.087664735432992,13.706328014920787,-6.5038207382670175,-7.257080871524096,-7.560873785194998,4.66844719739523,-7.231918591274486,1.513575362664239,-5.246674250840953,9.150102398813123
5.226055682644572,0.026992590745491152,-4.514087807876003,4.9450725652178,1.6334093073819849,-0.057126525299615476,-1.9491487003456132,1.0520813291036313,-3.260059802122639,-2.844144060116769,-3.494829543561275,1.5768617671147431
-3.4179507669447915,-0.6663487828222542,-6.814898615549713,12.239887055132169,-8.063636362877485,1.4462884525176098,4.699954308725337,3.7324888749028045,-7.72715958972013,0.8423598723654455,-4.961668282959612,5.159561424018245
-8.488038049353946,3.888918469085776,-1.066297338006599,6.201995136008571,-2.391502260844183,-0.34100688484534597,0.3095482795978064,3.3809648268683294,-0.5043498356903521,-1.087246336858613,-6.870176135627994,12.966213894183168
-6.628914183611509,5.177465270781726,-2.076414692432939,-1.4366639936473495,-5.264867489820826,1.669451460506302,1.6949273972498242,-8.913839452664226,-1.2440524440085383,1.7847593205818335,-11.728886102647529,11.817305047273807
-2.294978985577191,1.9120653055577146,-1.01403946493928,-3.7203231139392154,-2.4983302911167415,0.2870894612565286,1.4548112248426452,-3.3655712017102135,-1.2447366889376703,-0.8488660469757892,-3.9663169358596377,4.717192429939134
3.6598352737255255,5.464215751050608,-1.1803857686944772,-5.124000710104658,2.0990438959045337,6.190316190851037,5.220988849475996,-27.57066727876525,8.073520245543369,-1.379178947296229,-0.5476021709410595,6.927029186568772
4.742617366417049,2.764966832736684,0.6051706939261698,-1.5430868021692277,-1.3735920598992832,-0.2822234082079957,-5.764246212284169,-13.597194638610395,-1.7565463267473673,-3.6890403138641545,-2.594819617816369,0.46943982025433284
-1.0446604513773936,8.727274765544864,0.5124190234598767,6.485104176929632,-3.5513000491832787,0.06130177039956258,6.300601223980276,-10.271692262730639,6.736366191940534,-2.6233104600745634,0.6839695550936677,6.254881594434429
