-6.62955751616844,-5.074934279366467,1.553727054457736,-0.10864961374007574,-1.9111816927669236,8.332349752449893,-2.779328455548937,-15.691635022051928,-6.190648898995275,1.267267209637286,4.982328117692021,0.013866414477995873
5.999003280270662,2.413768733741993,-1.0417101099239239,-10.29559287191582,-8.192762713302072,-1.2293133077909768,-3.1509890949558907,-8.385054426320693,2.5105025999979995,-3.3978350798475896,-1.6653218131758163,1.894695316169346
10.152358345412118,2.2814426829936796,-0.20748467004541887,10.379845926064617,2.2559381770829865,0.6744075656937053,-2.8559852360477724,-6.081940415706914,3.568839291802815,-1.7505187150389974,-10.504856077384078,1.8853400484916012
3.464202850326118,-5.622337691408905,-4.737675363256789,20.773763408472067,9.05488724875803,-3.689540991793544,-5.065469739800738,15.829039736431625,6.0878932566806325,-3.285110915159365,-9.792939165661394,8.32286128331398
1.9660568345361478,3.840106510568908,-6.371757423098631,15.773512262655201,-6.927110752216297,3.38800659973302,-4.963307952506289,6.3189770131576815,-10.49707685446974,-4.986437206842489,-13.856885838508777,9.780840674856828
7.439957107854072,2.6385629629425256,-4.751661538703603,9.994538226347547,4.9893498522654,6.163664446803853,5.825287565042223,6.801196398361352,2.122613930131577,-4.16117690012871,-3.612419175007564,5.700997061192114
0.45047176456492477,1.3533693372463862,-7.213772122754948,3.9519237904068047,-3.025586455946416,1.8519009667581854,5.529097123431613,9.496780386862103,-3.314121884379607,-4.944105169809644,-0.0025244149798699933,3.6754654205413875
-6.593478598681282,0.5659395737597503,-6.133473226424202,2.2569147031024452,-9.026414163634966,2.511678899773577,10.558940109261378,9.928116928482295,-9.13978686333691,1.4167596827906137,-5.698289447440329,10.611459696916983
4.33077274561696,4.309446481799966,-7.155147276468654,3.4200083896177436,-2.3756723677597,0.742505781094923,2.904003732330032,13.886605937950199,-5.892656495918074,-1.1224258632951687,-6.050094744651934,6.468120053871015
-2.110190473086925,7.095590781492785,-5.869713132369289,0.5620103900936432,-2.7615229456451456,0.23150115462832604,0.5630089895200124,8.133532243131269,-10.61105779568372,-1.1182044856139337,-6.881569083408594,7.0222629748390215
-6.155276898750458,3.281101963658632,-12.669528543410353,5.617227884034042,-5.852124405740839,-1.04644941646655,2.236200039000744,9.142369649912869,-7.897241254933181,-3.5121113742184775,-6.748948741060601,8.768525908425682
