6.53255999919458,0.2079513405898954,-5.486146863465264,-9.927625697317287,-8.057296161929463,2.1883651168285647,-1.4982395137085855,-16.54079363331944,1.7435432586360933,-3.1600389276591123,-5.114860073031731,-5.707496973041611
6.371207276676883,-6.845600043330851,-4.609573341120837,19.51176565518737,-0.7366421713847212,-0.47616071076919986,-0.0759864750721084,3.785868170718052,5.012345181991796,4.866490185088961,-15.863006025720995,-4.9185672361076245
10.792720757928421,-4.6283850786596314,-4.304407142453613,32.973516051718406,8.170098371719464,-2.158101604843208,-0.45922777638080114,20.710413047940616,4.69375605973335,-6.0326676226983675,-13.247948684091064,4.131918956321919
12.008698297080173,2.799283670319682,4.8508574794302675,13.026942448523005,8.042681105161362,1.619433530662239,6.055493725085565,7.203188796668586,0.8632190420277237,-1.2106304815512743,-5.259455207660753,1.3347838352773802
-0.6790425038014647,2.3015355991961646,-4.819598020238673,24.440314367307096,6.679086762165163,3.372215191077099,-0.6532229637128457,15.340580070527647,-3.9999487988979134,-3.898373697228074,-6.4409378973032485,10.010895443611028
-4.612100788909906,2.9927458493601717,-5.526964377990101,12.512993050810723,1.4563555298748596,0.08921801930869977,2.117845473525798,6.3454118021238415,-4.498628554415068,-6.471657458486134,-0.8028294931824784,7.169262544229337
-7.494632786617267,1.979731004588984,-8.10083873370765,16.90756562747841,0.7488570244139572,0.051765010638897324,-1.6790147396391277,11.504949232608126,-5.603842236101517,-2.619915416540568,-2.1309873047918675,3.5837647452189354
-4.657041887759325,5.7252697019993155,-6.143501499762854,7.835296623278925,-1.5856623927023397,3.9267882905937617,-0.2823159167904395,8.558717201273964,-6.3603340960519095,-3.817059041532555,-1.376947369624355,1.2301782076294803
-0.045688715510144196,1.5472117695950096,-9.965503786929549,-0.4358731191162728,-1.1945859909575567,1.999301862501555,-0.631227587616388,-5.691937565658045,-1.7711716529195227,-3.167410561431753,-5.293445930492345,1.4785533487229183
-7.468557039866562,2.855339542774182,-4.6979696775743,2.3219030008692685,-0.9648705660174958,-0.216470191994761,0.7898127829137483,1.4051676919371652,-4.25233448749637,-1.8229343254730757,-6.3354190167697055,6.8388952874701845
6.472696691513027,-0.7261851869798033,-1.1466521994736958,-14.62416115150157,-5.678526682275038,4.827384590758885,-8.963559021088239,-19.47248553751971,7.643851843363885,-2.1623600958796834,-6.33194794934869,1.6642857613829118
