-14.228641459847475,-4.970580539417375,9.772583487473439,28.72452992527339,-3.5446958732320684,-8.947407496071671,-2.707962814536367,-8.070444553469185,7.66716690698739,-1.5346293155369655,9.431138220850018,2.7126863031823305
-3.90671784464064,5.103207444207493,3.517820646609418,-8.015300239694422,4.339110929507484,-5.3195802416033215,-1.8114887386674425,2.5932285468607263,-1.669648838367484,3.200011955030174,-6.623591081905084,2.4478915158251073
1.7748852215128053,1.6134739901209387,-1.8772525206303807,-14.256836401713086,-3.60337295210593,-0.6418204778777021,0.7811622885609192,2.388340396238607,2.2629037250391306,-1.4263934250202703,-3.5789068119619327,-3.8770950387722793
11.633122526206861,2.3642885892361813,4.3905992064276145,7.264772221515944,-2.830546062886819,-3.893988320066999,-7.6740434193414275,-1.4678553364247493,7.463638546350234,-1.9248041865316954,-3.787377847803513,8.956379355291483
4.342029490063684,0.6328847155435424,-16.05293788793517,21.950394525827182,-0.013218593474865203,-0.0031763186011480316,-10.73675389169077,12.044894959711954,8.477460178478658,-3.2792871234479355,-14.478010192822705,-0.5376155862740801
4.173186196053688,-0.9849100249159464,-6.938529043312359,28.26325065443589,-1.2198152528317283,2.212269054631364,-3.00324080720729,13.449778453690834,1.4584865775283211,4.0670413644032255,-9.268811951371935,3.8116836838521095
-2.4271083087163072,7.135050268695543,-8.047472544755713,21.995222034201195,-0.03400440156725071,7.065870769309251,-12.65291863103631,9.959461497052597,0.703864744659848,0.5864494030602176,-11.581801618100995,0.9700026733868494
-0.713521285398655,2.6907410795530744,-13.844201382575019,7.40583661477412,-0.7335381941113754,-1.4344038644015167,1.6879430263179023,9.542934328370444,-3.8232303600804336,0.16875994747031653,-11.888966542576194,9.063207509239543
9.464960256863655,3.629788971091759,-21.944972621049484,-0.787256766953706,-11.671702145576035,2.6687282194584006,-5.820055702512783,3.580608821765246,-7.78703939722657,4.957438069358972,-1.911937728695317,11.62132906057769
2.3895530552881254,1.2219599468005802,-16.2632426841373,7.805943414304052,-0.6764808483654163,1.6846548847221514,-3.971702424950075,0.5284895416238302,-0.697515081980268,-1.8580181689713515,-6.501734756965088,1.2126128595154562
1.6457373870947034,1.796344220161001,-15.00625262202759,-6.571028549802374,-1.4617147568283673,4.314380285337878,2.0172124120101698,-13.245012151105946,4.398539754975423,-1.7381169187871466,-3.8787599704089315,-2.440916139030583
