-1.825455753400691,-4.130506701632712,-11.656064526747894,7.4203190267275145,-7.060329301888825,7.167972050780586,0.2818613308826572,-16.89139215499951,-0.697279521858329,-2.5540043827647523,6.416945130759481,-1.6004354444017226
-2.8164943172930696,1.1093447491607078,-6.286088080009387,12.436406440282106,-9.545789013950571,-3.5309661914653185,-13.802288273049871,-30.451086608354707,1.5702181897009395,-1.9389227575715706,20.01909693359223,-0.25789532538559357
-6.54950673201683,-3.3243814747389857,-9.284571113634138,36.22721939647018,0.2856968266597315,4.774939620280722,-16.254852603778826,-16.52505592518498,9.306727539088481,1.3062368281490881,-9.658998918900181,-6.867009324977442
4.588111527368612,-7.117615640856292,-14.061211014852445,26.442715655599645,0.11563152091575613,-7.752542934488108,-26.756781436917915,-25.596585452311274,3.8747666654345343,-0.6544690553300958,18.21957818373148,8.92783730351549
-8.810288226220328,2.1056369089308937,-7.855548629209319,2.8418095070103204,1.5319527235334434,3.0983544779904757,-13.963200981930237,-13.445432371989657,11.214180765469873,-9.97186609213165,7.516346870285801,-7.220772477218137
-9.01183807421138,11.68280081293592,-10.40550570468017,17.208312196351372,-5.643442027387795,0.5867881996228932,-7.594451913228169,-0.009635712996755474,3.1485713718018014,-0.8257047357490479,2.3841884681200973,4.477254740562516
-7.513568808524961,3.5537206713068303,2.699263818195802,7.13553067969955,4.49350079078757,-7.517935530358166,12.442439640696975,-0.34722171675474056,4.452584559468011,-0.461200762785063,16.45882519915291,-1.8197580037113636
-1.862435538617736,1.6573270120513255,5.062012461461338,-0.21044628164382925,-6.463367549148914,-6.152084300636737,-7.95452682689683,-0.7544267235049005,3.2212652426682977,-3.2647540467399057,18.870583499889598,8.084104550229844
3.0533099489037263,-0.01127213401604013,7.973091657549545,-19.229293866442028,-13.735259679031799,-0.9968291971855605,-10.032186498074472,3.4054346540581264,2.738511094986455,-5.468617899519909,8.795134645575244,5.20844676560989
-5.608848914092039,4.980371120468201,3.417400299680058,-4.532275950281213,9.072236870371901,-0.3594737445094408,5.71522253213277,6.479304833333487,2.0101942042288927,-2.409222144566808,13.049550942777355,0.4048818405174623
-13.149185416975072,-3.3306057692902225,-14.079426393895151,8.983964826467455,5.322450383996959,3.9318550945404467,-8.635694173357484,4.016765613686782,6.679417636755115,-7.180051003706637,3.074316611618024,10.378569726149268
-5.427565908398739,-8.06950674612293,-0.8933304057912131,15.665905072805304,-0.08780998104640862,2.7735648035700837,-10.616391368020249,7.4498365321038404,1.2267022742114246,-2.912739198130134,1.1505713202633951,12.293537980352111
10.952773628728128,1.76705520392267,-0.4885248636465197,34.41313285917099,-2.053004492160845,-2.7032197331874603,8.334916092090559,12.713020881644745,-2.1379733199665027,-4.920357931379224,-0.24534950065464,5.953882910370155
17.46814795672492,-3.715386469086404,-16.853175933146062,44.223781987995096,8.108309025733691,-2.7540692281491292,-3.9972695731727006,8.026043857332635,7.205754900976309,0.22272541120634592,-11.673353063230866,-6.928001686625884
-4.909767056645145,-0.7388057927222605,-0.7557221742487574,16.308606913457893,0.9711968334563506,-3.415050772543278,-3.9368335909172982,14.263291983025217,-3.347098947585709,5.116252605338099,-20.02177493809597,2.95307164928577
-0.588551866807828,0.8871348188263797,-5.951575787762863,-7.737140227221442,-1.3477642599824087,2.413756074926498,1.7188504559872444,1.755806703685583,1.9049751477363979,2.608109212531019,-2.0916053727392785,3.784552000761656
