2.659588518550179,9.165348375513876,1.6779705908090135,17.424252944487026,-4.196503039201155,4.610425228239964,-12.831064644042163,-22.338019753446275,3.138633696282519,-10.471683606614786,21.346299441924508,-4.147963008162041
2.2248187597086346,7.509149692458402,2.239882499399717,33.78332493981482,-5.186425303630787,5.232357826065163,1.8941661066110078,-0.6576791624772844,2.227766291484924,1.1171576873226408,4.2796565693898705,-15.663194129305428
1.3852162939409427,4.54638066272357,-3.5325888342596903,22.0776988809927,-4.643753656568746,-1.0889684397225172,-0.5341130379971263,17.24766936972548,0.44888981233250785,5.188860458127442,7.875565294876283,12.356832179007808
6.1734973775922874,-0.819741844933692,-5.181268270706376,-7.680957244401417,1.3260932470429543,4.2827584638631775,-3.8965210241001036,2.4592282683185065,-5.835243788235228,8.14211893647349,8.49709843010612,6.684300691003547
6.35304040166845,-5.487551531270204,1.5181178587164883,-2.660029306139016,-0.08395625226389497,-9.469074917034058,-0.470464616519525,3.947013901703845,-7.44576569443819,-2.2045853239974535,2.482706940152224,1.0458308754625154
-0.6188751209544983,3.2124391442140103,6.416912814417938,-1.6204855272097205,2.0549112750540837,-6.692537242510871,-1.5635860621612887,2.196123920511936,5.529590670823154,-4.419059545051983,8.983293728322261,1.6524780757000421
0.5372566124701742,-5.833107273588525,5.946485019006734,4.546379959652608,11.163745323492975,-1.4914208183690116,-9.249339888141082,7.146146591824144,13.810211651439552,-0.14076910882832339,13.163422518386021,4.57655110409541
-0.249333678835212,6.965155313993773,-1.1952630116704324,22.01958595892098,7.477258260718388,4.8684873338955414,1.9896853367966472,3.3738304058342727,2.8269611117371736,-7.953807414919532,14.189297537696566,0.6190389281483019
1.5165404294941778,2.876434052766961,0.18284842722498862,40.78100476813448,-0.5463771884167137,-3.4317784969405425,1.9950286001558883,10.688195324568179,-0.9699646581415119,5.691020582922732,6.936078035307808,-2.2899249894050833
0.24719850989277425,3.4243548702116122,-7.735790561574824,50.76314951379299,0.9748188140665446,-9.227876463334209,-5.694443760912466,9.090920259589701,2.2283024995132257,-1.367915642899804,4.491275257100053,-4.627639577543463
3.8787603050597577,7.4841599019517915,-3.7582046153222315,54.050142808709296,4.721131108435694,-4.931148158764447,8.426571213964467,-6.410525332190012,24.100308262089662,8.062087998229547,7.294951409339083,-17.398739420408297
