-6.243471756972232,6.988162493356484,3.04227005603708,25.32886206086377,-8.389614891372974,-7.214373529808855,0.42624264708714976,-36.08583766006257,9.169920609746116,-7.142761317719018,20.24465868038689,-5.310901083586208
-10.33061636665546,10.59366435631853,-4.140286065048801,15.943372412350248,5.532463184323311,-0.5841602936152916,4.6103453143991455,-23.762167345433216,7.231745019631463,-5.67676686085155,13.22947287391217,-7.690815103530796
5.61715770083017,3.469332475478099,1.6449301565063839,7.171900709998268,-2.8708827862277584,-6.883533805337552,-9.48293000365003,-4.089550183473554,3.198964322277692,-1.252500822351089,-5.073438322917476,-0.5951076981471299
6.125331325108672,7.611766181157873,0.8705242185661148,6.265072760474974,-1.6300375705123296,-0.7011768137918972,-1.5549664336931166,-6.006793438318039,2.097013630691057,4.885902376434958,6.637580166754092,6.2419218531726735
6.036952851138,3.2399844058318568,-5.9657103778512255,3.7360683320320516,-1.4980608941698055,-8.397483253937079,-9.106669206392162,-5.4896901490913415,-3.486073888084745,2.7642494036617453,8.001442083236615,14.791000768085478
-1.3056267259919776,1.2085034960544783,0.4902868117289153,4.345265944137886,4.191180148626808,1.8939260271835787,3.2579579071153097,4.032002812361368,0.46484204063421386,0.0160319297565521,0.06082474654942793,11.676542728723081
-5.177437750474067,-1.660516532496534,-9.658440240693594,-0.35595298680896825,-2.758173641516579,-1.9066755176510504,0.6071014405888997,16.010218128094664,-3.604760875766957,-5.821241061762363,5.911816084650873,6.646240014924896
-10.048538781853829,-0.3535481205892223,-9.805017433633003,0.12302077503706174,2.6737610595988346,3.709683952374557,1.4189723653594755,17.6737636335348,-3.57254901895665,-2.6751851550277395,-5.15936302265472,4.63809574043483
-0.9681800747217307,-5.463597084847129,1.114999407256846,6.837109759607775,-2.2826364819587215,-1.6729771117700132,-9.04184739871895,3.6153404007669154,10.116139041933094,-7.797985501946901,9.61444340363384,13.983867533670011
12.80504729602298,4.014008438390216,4.852356555164831,51.77357506540557,7.475910671174671,4.626549308011548,9.158668546844863,26.010829820398722,9.93703350859956,7.798796993154693,24.999735777098817,8.06673726422521
2.1715512795666467,-2.150733790997808,-13.934772588606641,51.097183351203206,-8.480760604118107,-3.038184949390042,-11.907303158390112,6.106403171223338,-0.39153892683341485,9.575194340038811,14.274213715528544,-16.644411598733658
