-6.947520405772866,-9.020852934786987,-17.572145268207397,50.75146736208186,7.167113825742375,2.931014033800235,-12.2405070658968,-11.60577710242359,6.568719197015296,-4.002525596655948,15.642939361239907,-3.569050580976494
-10.691716456444393,-3.1806398141877548,-16.075978398028894,44.91821545704229,0.11968678929046828,3.7237363427034835,-8.069524879364304,-14.35360555178482,0.5630439584004598,3.7362711682487326,5.724744784288466,-14.143219968380201
-4.680099522782296,10.79769400238348,-12.837432534665663,31.795501500193485,-0.6515187756603988,11.3536667396073,-21.33614062544131,-25.51470743872286,5.190508576976454,-13.44088506286074,6.194350774043773,-8.16552681620896
6.612685591388129,11.304745753691247,1.7545176491761887,24.735353534446272,3.41293147501022,3.9264638406942955,-8.22251895803823,-2.4930411288824623,8.471832161305189,2.37296148080923,2.800918846113248,-0.580420619869114
3.747914220368412,5.76179608627746,-12.81725912922449,6.048985339224879,-1.7204749337301655,-1.026431396119258,-10.26549813545965,-7.013937126769228,-2.3560723761401,6.567369252995823,15.352965142996645,10.313800705776838
-3.821554227658752,-3.350816339192172,6.692920625008872,-0.03343311865207066,1.2043041360638838,5.961679328626209,-6.333128001315592,-6.341259760268227,4.350473827149116,1.76260491319881,-2.651972655784556,-2.9211081142846536
-2.6000993825230623,-0.062112847766119916,0.8735791129950905,-9.535724583807637,-3.5909617396023767,-2.4484791354946793,-4.9654233426159715,-15.657416628726699,2.705105526621633,4.906753802507916,13.787725442892743,8.172496694130388
-7.965315177863518,5.412329377012858,2.3976792436170724,-5.690932032612982,7.753322747551235,4.886529513895222,4.442458292987801,2.1084678482610357,1.2000744498917126,-2.009089871247624,10.933980252459433,-1.5199721568547002
-1.7902072709539683,3.5334880917684646,1.9601922181740021,15.870537482345759,0.7181577625887967,1.8534811381783667,-0.5214363076539846,3.911941765679057,-3.699219842845167,-2.8845356518330503,-0.6089809414451497,5.093586745493763
4.644879673082422,-4.266693841627031,7.540456305299888,27.00241429833127,2.3100455834661022,-3.917489674197394,8.803413895994211,19.709407602322578,3.7930139499274316,2.339512062491126,9.274782947757878,7.369844456618792
2.7962347923074913,-2.522181583380529,-3.2104081551874186,30.452546650881263,-2.4487001199627896,-4.449053981512249,-9.33785042931272,19.37299082127018,2.144625236280313,-1.0456032008220788,4.291094085980848,8.973523261195407
