-10.905857799815259,-1.121556882340962,8.389491709107395,58.56020405375229,-16.35246092747273,0.1524957206288555,-12.5927908469499,3.6344593338070994,7.6122768446114035,-8.88353185024198,-3.9606758729782565,13.0429065758827
-10.692608326957966,7.891312863620909,4.548609262705913,6.0842405807433195,-5.309523590528521,-1.564728877700979,10.34745894410535,-12.534445764668074,-8.522711809614998,1.2223313332740222,-8.238195766433925,12.570365833837991
0.29876523806304967,6.122576821430761,-2.251008476589483,-8.923058759625683,-5.285326184252433,-6.031947145933893,-11.916861352489718,-40.51681966163238,7.42036939286349,4.304982996081883,-2.1211263839460175,25.79655540858712
-13.531705514962542,2.061934171020826,10.377401901486257,-10.698462588691235,-0.15684121685847652,5.297638224957641,-15.50421773945315,-42.171420433292965,18.134537103639733,-9.384772933895013,-10.79323152683493,20.957352410219443
-10.128285869126714,4.775660617765294,-5.986587435005648,-10.767649484614939,-10.030065943230053,-3.0456208697709704,-11.639239643629413,-53.05437908528989,11.878523390300375,-5.912095394200266,2.6977696802851074,18.789995929533543
-17.41417767910606,2.5379317062972753,-5.840100128076054,-10.679307686482097,9.288702619447513,2.9306855357356514,-6.438652908366396,-27.089266730863024,2.9112584014475598,11.242119247648994,-12.15519696422387,-8.718104762790889
-4.2938806144822745,4.864364518420005,-9.123701330192926,0.7977244429700354,-11.364290595682512,3.7405908396940957,-9.630902546865986,-16.164059661545426,7.571540047665159,-0.050418336927819496,-7.711718307333594,-2.28862381611558
-11.064007302319798,-1.5739773012662335,7.083925993357347,-19.217992828984627,-2.0280326996479845,0.12336213493082226,-5.210780131880819,-18.867235505200313,7.631758150451152,-0.36453051380545,-0.13581045481131415,12.758833951457362
-1.6324378035700433,0.047653085655044336,-1.5069101070759607,-3.8927305719555605,5.720171755102988,-1.5058278391917739,-2.9763234476949987,-10.130271368658851,0.6222358760537711,0.496896962058203,-1.9965870388881273,1.9100062258907726
-8.834972112233823,-2.8708955970465526,10.786306885308111,-16.164974832611026,0.33970803827574736,1.3006001505818978,-3.124682158967458,-22.80485933083219,4.021381120634823,-1.0447555423545467,0.1431167738249067,1.350560804962256
-0.17939250591476177,-1.0814265172912711,3.299015970564969,-10.639275156944366,1.9027581771891182,-3.246612254952335,0.6644503062198338,-12.71744295299998,-2.043777749843403,4.726083626377248,-8.941311657796316,-5.8742474616997535
-2.648402832565826,-0.09609271057396371,3.5098770418836422,-1.970798305234541,-2.194018532247109,-3.916782285596599,6.632593930214478,-17.350580207956703,1.3537164838395,0.6135986838384044,-2.3200128160959714,-4.719833172770673
0.09852769662988464,-1.1598122273782712,-2.687591183963984,5.919472618001076,0.7487987635239225,-1.6249526642407648,1.0214689275144622,5.341496449900081,-0.6713405990473604,-3.7299170383754054,1.5490242835532944,2.10719324643979
2.449005423057968,-0.815367990218038,-11.546158331192867,30.34502020038838,5.535319526076099,5.059773881767188,-2.6499079084158863,24.495883948810828,1.2550430520772666,-4.608673447774135,7.584061228796206,2.289718196695027
7.239106326901625,6.900799682535089,-1.6855302945025774,17.59866965646036,-6.329152500517571,-1.501565867848816,-10.826382822783044,19.45453510295299,-4.534196941466681,-1.574725535365788,13.881389668681592,7.394041411677357
-2.6483771285644284,2.23732612712986,-10.52973088445681,21.088944660497493,-10.650489698422788,5.08048270224493,-2.392668651436129,22.995225053150357,2.6251369919250482,-3.6606035772313685,7.1492828480804596,10.26464042734591
