-4.42246016329735,-1.3170470504638234,-1.7816905321983394,2.932257160180692,1.61868497333605,-4.091983611240724,-2.6260100021367077,-18.19601222477987,1.1161508934998654,1.2196541747512193,10.387255661993274,1.1709882016230169
-3.293726087245954,-13.184272188012672,-2.352833387331269,14.150518150141464,-7.555426575131618,6.180147033022056,9.503729331317198,-14.122975661980465,-2.2774040935564552,11.405656634089606,3.65761067062141,-2.518311838498306
5.9680744728221224,3.344640994814936,2.4461042134736046,-10.437539015084631,-5.42168299435897,-3.612593308768815,-3.410527848462086,-2.8632065051373643,2.5667320203596242,0.11493313659319476,7.818987248207751,0.8247420164450731
-6.665792583387766,-3.0542982066331565,1.2629919964188203,6.856500256532341,1.8849426929713429,-5.022934386763049,7.5092796982255985,-10.525555915051077,5.66274121546738,1.1876955691222288,-8.426610455469097,-8.178118612490401
1.750690058215883,4.293230645793217,8.396309802444652,3.7064159863386847,5.0076148359387895,-3.0088590308029817,1.080479162221122,-5.517008137837125,2.36552361831573,4.341765020550565,-2.1092056387232527,-3.6579656801554323
-2.3077429326704877,3.41298337124811,-5.168385112264181,-0.006088092388229965,8.081558426632274,-3.98083310951761,-9.907030409542596,2.8682786890844914,-4.235242006577126,8.81394122575355,-5.536642300768782,-3.3282919761630505
-2.437437728219913,5.298709538692654,1.836624472062697,-1.6379325001104343,10.162745376853307,-2.4294906328725863,4.864744548472856,-7.49812830781462,-3.6056845206852497,-3.1084326639782884,-8.184737391750454,-5.267877205997206
1.6988398026336302,1.7049126368611294,10.81338245118649,1.6182097948998422,-3.055186048520493,-1.331593401670925,2.9801053532082395,-5.337267663575906,-7.026617912778607,3.9680546954254234,-5.232335290495217,-11.903084696848993
0.5797823753023843,0.13034500545624095,-1.3647917684898379,-8.344656509895874,0.13354042038899208,-1.173027369258661,0.22391724619291806,-9.049273831122383,-0.7148132155240134,4.321334468397119,-3.5799982376405604,5.32416935018308
14.5590027088287,2.305412513330963,-3.6584499967144035,-20.811293473325563,-5.473997948565656,3.4243427670764595,6.2667796400278775,6.0121772679354875,5.922229041869718,2.0371213031623974,-4.776691699642931,-7.557189407104385
0.41843062155574917,1.1775577361362881,-4.151398150103607,-11.948609793782971,-6.404952475572024,1.362431948065771,-5.222628351387506,1.4110242414503436,1.6442452950830573,-1.8269650838408733,-5.575557011193938,2.640440196560903
