-21.744013812975226,-7.0993135346087,2.0791550724122274,-3.165993425872829,0.8561072583651193,30.229166453982348,-30.743300471886503,-19.480501835746978,33.97554871879506,-22.13654907462026,30.76270693267599,2.4357469434422443
-0.0686123002080743,1.3551932254294408,-5.071357494889116,10.133574985253997,7.503130065941878,-2.4776159507115176,1.4362704653200415,-11.247786248690153,5.6634501840808635,2.2836619438176364,16.336629587539633,-9.882097337240474
8.660422895106572,6.941810220832418,-2.2458901245682434,2.0273731478738526,5.543898615443738,-4.8548247696585625,-8.23707871928412,-19.873101298881,0.8045268933984897,4.331420498239877,16.264505286624683,20.241533933135745
2.4146591194427316,2.572085439288717,-9.446059470232111,26.72294047769025,8.849147390762496,10.674875740807027,-14.731665277804504,-43.219504280874375,15.523896146930923,-7.810024350846809,28.029496902610312,-5.09687338144059
-12.034744201266218,6.310192857131295,-13.29632247284244,33.01881822487915,-2.3610291185257655,1.3133884291820346,-13.83735993518363,-33.62136470567376,4.5238238619358135,-6.810715744312022,5.382862122501399,-17.02247369034538
5.083185175858578,3.6070124968566137,-31.925366413042923,-8.967581159035692,8.35016097524333,11.138152099753368,16.041797545046297,-2.3883618803426483,8.781886234361494,-4.959579506492201,5.481535677400997,-29.064649888921867
-15.189441581497025,1.9656297210028875,-9.579933162820282,27.37390419388219,-5.867067521866787,-6.0927955888769425,1.5975402615623913,-46.8141799090363,13.027716873268862,-5.865148215571654,31.115040017077863,-10.902568026671636
-6.446294681766287,1.4382525017991767,-13.647945773075199,68.49480170211213,4.975202682175994,-8.400459068649946,-6.56951744203007,-29.35648916864964,22.339825152474457,-11.486487464927045,14.300590921331322,-4.134892090385162
-7.525055884501973,2.8349416052963443,-12.01791724713489,36.6835599818301,0.06384313772175254,-4.62254369209756,-17.71748602315737,-14.666008049054856,12.55070317631781,-8.047509446787341,7.955110299956591,6.132704127958634
0.18739566001240426,4.175230242435428,-1.2739796968178,4.582608902284016,4.611434003275426,3.45550772148734,-0.2884250794606142,-10.380424397089072,-1.0270841877694576,-1.281769221794365,2.946658550022495,0.5455610360891505
-1.4232246525589494,-4.529343255224929,10.875604077248797,-3.0806158082270585,-6.662300224918992,4.83872855921509,1.0785925757651689,-6.452524986884843,1.6228507863060013,4.7327527711538275,0.4566690145883019,0.09096356858234644
-2.249728858304949,-3.334605271362237,4.042313156206852,1.4155667594944583,-0.31032703699106134,-6.079177389225018,0.41312215903427146,-8.605143173776971,3.705097398696839,1.9374884362142661,-0.5209754960350865,-15.462056211605127
-0.986314263271387,1.4504077237990007,-1.641176590104553,6.825448378183565,1.864283997333335,-4.777433473550652,-8.967395880760177,-8.33008839657528,5.8768360617025355,-2.1790810984204496,-2.0918995284442756,-19.948617931576226
6.917970894991842,3.8945998985560504,-2.2855275222459714,7.4702684982871554,0.6692361347568564,2.375330228153628,-13.590089381469605,8.743943809640754,-5.049429524931122,-5.0489917717748884,-11.401403297778408,-11.249451259265426
-0.7601792379562202,2.8364366751108916,-3.0817325511312808,7.076232693819877,9.441781675329391,-1.0232253029182488,-4.930365730446159,-6.16819898366402,4.02322999986299,0.27711570158109367,-5.297399350922493,-14.372775955240117
1.8844344219130345,2.4868111206830914,4.625528546471375,-7.096525217393645,1.8936421369213794,0.8420868778920594,-2.853990346215909,-5.288645246110521,-2.8189571180392052,-0.014531461960349934,1.0608892021959757,-18.33752930068623
-2.1696552499356385,0.14925776834680204,-1.7787077958229744,-0.37820182945951947,-0.7740220187379575,1.5446053845012488,-6.273200073935236,-2.4215554120924585,1.5566644572581285,-1.5726762330750799,1.4682864312808528,-8.788551608260185
7.0487294118278365,1.7065545156235062,-3.4259100492892047,-11.983196247489646,-2.8784480718915595,-0.15230471556164854,2.6830289616182452,-3.689625422445456,-0.9464105914305536,-4.81471795289789,-8.20497375228355,3.6123316203502016
-0.17201449281459857,-0.9744078531990896,-2.85112799701393,-8.291673833580884,-0.801943698606326,-3.5370635484537662,-5.928874124894287,-9.531311829244146,6.711726093454505,3.3329790020057573,-8.935790524756605,6.9197891118497346
9.523214719544436,3.7757357124142645,1.9161004329067608,-8.596537374027289,-4.746800690941255,2.196022956299545,-0.7595652670037099,-9.740911248238723,1.6701145931684032,-0.36491829923768737,-5.577591650112087,9.336816226394967
