-7.163960006622195,3.828553713230277,19.63873222616956,4.413374194127543,-1.3620889542373755,-1.768369999652524,2.7555363971951508,-21.713282500438083,11.596361974153249,-4.3948674033028805,14.172138192207973,26.153703170051056
10.303602686163837,4.079778546479991,19.572559080117184,14.855021667708478,-4.228654738459449,5.0708925792635595,3.0740590214850503,-25.643693773736494,-2.735650637295023,-5.831474352362784,-5.705577329194338,18.82438614643543
7.603684964608615,-11.091379591218285,3.3467177687287366,-0.24828244723717147,0.27289144065642246,8.400167263147107,-32.274549753856434,-28.809863329988687,5.0837003391399325,-11.849395185756679,11.134089038370254,23.740154772669676
9.758913166597807,-10.475193582019923,23.710100443375016,0.9328224511777568,11.183469992175638,5.9289086359186385,-29.397371241044322,-39.62837477407627,7.175301417633492,-9.058422670594236,-13.016647729909046,7.6859638254487495
3.7092681264522867,-7.175205781480859,5.207435987246738,1.8017401775202755,8.852840507801076,11.155877942347876,-14.794882380267993,-23.581629634352474,0.7199071659491763,1.3460737070179007,-2.783942934227347,12.610232865497899
-0.43105282501956965,-4.900854931429854,0.033477682366635286,3.139458046942327,3.8015919005937007,1.8412243991043011,-4.246191618353248,-5.724366984571189,0.711778594401947,1.603260459715373,-0.8358624277999804,2.397799988370156
-8.446545598761377,-2.9961979239971526,-4.742538462662803,-0.835669939823488,9.266211490022334,3.9625537863805995,3.737158782041928,-20.75823299108464,6.2119742411729435,-0.7038930705390559,5.690232782052442,-9.87691346073881
-1.3790631789982366,0.2350479524835225,0.7021286126929411,-0.7598375737508318,6.36717153078265,2.7088934763014425,-2.523798792006739,-16.457840228823027,0.3297415696951224,2.124392480973866,2.756916385705071,-17.42035229297752
-15.83193394609964,-0.4893654068811195,2.1538423952192014,1.235606237316256,4.7693286623447975,6.765406530499318,-4.17328988087838,-7.218410562654235,5.035445582109521,0.9289093996978706,3.583409648837213,-18.600045478742377
-12.90051935437789,3.377233744676276,5.159927771770149,4.436661285321884,-0.052344051763917765,1.215223515326702,4.9300016829445,-18.132941381570948,0.5379647154249949,0.9840457875954822,1.2408872596122336,-11.2270017571275
-6.516080467469125,1.7361150453237195,4.696715117416257,-6.446010158385567,0.5744160202418853,2.255216921764874,-0.5693091949261171,-5.70655509983911,2.0039189896946974,-1.4821829863211402,-1.4974379174788708,-2.59518486189942
1.638206230166773,2.537579672778718,-4.348791815757212,-4.195901804982625,-3.497929784823535,1.3980050139565894,2.603110907825666,1.7860784358367126,3.2899456766093174,-4.294553442577295,-1.7272564270391562,-7.477381879893002
5.336246883237507,2.9249970430867234,-6.75236425956504,-6.082227995719494,-3.268228565209789,-1.101302967266109,0.9325889023185112,0.1366893051391509,2.734578744128857,-1.8644775977502914,-1.063382169638956,-3.989208176862744
-7.765584400050452,6.947710552443837,-10.546119296256457,-2.9167418332677735,0.877295433275078,2.2619551507551274,4.855355536596695,-16.144938862767077,7.917234062531663,-5.079342152579169,2.6042756174220134,-3.7967375837516513
-5.552406851526992,0.6582652362185408,0.1444977789786961,-4.9318228201475875,2.016158186341701,-0.348037112546715,-1.6508551464243855,-20.69573083445464,1.5995677807030149,1.9281068363076028,-4.035960854179225,3.1659463118058766
-6.887306108979618,3.122350400895375,-7.091969090090016,-2.68748439395972,4.678909305764364,0.18843674809319066,-0.004826478549541213,-15.801050774166619,1.4285136966601581,-1.3988868907208687,-4.219956082938561,-1.0650037077750207
