1.6200187309562781,6.690283556027402,35.28862787116976,19.2668738631666,-6.680993664377128,9.354589911678643,7.569526592938068,-32.02667626451943,-1.2032688462818557,0.5791082046220308,-17.551957808110398,-0.39917700448455584
-9.134408444660956,-6.558946930587358,-6.537010883437482,17.819053387852477,5.067025897420715,2.2284773868697547,-6.0781955294937395,-20.66488479854075,-7.017687912251482,-6.043803946319669,9.859539233174445,17.739583998362644
-0.4493474595795537,-6.229796115121103,6.932217261365228,-10.821260565174498,4.577663393696189,3.121251181582801,-27.85638460098847,-28.54837963527838,0.7414801793265444,-1.0729959757591416,2.2194018980218493,15.247811570799579
12.585647517276806,-3.9678446769805973,6.315531635878194,2.5976056024667664,13.047935477191075,3.232254866895986,-13.613037972859706,-18.161222997333915,-9.928919102373147,-6.192823668164487,-13.12217729569823,-0.8430098398033352
-0.9931871165358046,-4.575176165744024,2.568511344960927,3.15173811097622,1.5234023151592204,1.1576674969447196,-9.221604670373889,-4.751866303148822,-1.3693450769892552,-2.6221122067125906,-0.9663783752785247,5.376883803737939
-6.773353032908445,-1.2671724885403048,-0.240882681078318,0.6782490703957981,-0.5246308806900725,1.4602711111899855,-0.04439127298900946,-25.6396677278666,3.8261349242506677,3.1720889922919473,8.72851145225302,-10.273407573419968
-3.5916786171568615,-1.3049835744087783,-7.471053968905235,-8.154023693331684,8.817637428895928,2.336587525685264,-10.50571792883758,-7.0294723335899425,1.4978991352155262,0.431157314957747,10.371112615312207,-8.385956149275854
-14.763628486916716,4.397761456477439,5.779179947244664,-1.85947018394744,4.442612863146131,1.5321957199568228,1.2626348947628758,-16.439393424380004,0.65419304343748,-1.4087348132198287,-0.9191886090278465,-11.377110775460757
-14.264845149799486,6.493549812666547,-0.8299769905916669,-0.2821720364242868,5.185481032184529,2.108537484962931,2.02312682960378,-11.782620342759039,4.611870146833253,-2.876021224847519,3.4116558566032382,-4.5870736937349985
-5.600296690249669,2.786349334127564,-0.8751495686802349,-4.626910751927558,0.143495621424931,-0.10426246922333482,1.8443300695394216,-1.9861218657049877,0.9870715437996116,-4.762793702158972,0.4408288348103926,-2.3928848747830567
-5.098037227696764,3.742637358948041,-2.9661717397737584,-0.03447191163564689,0.5045102731947753,-2.0991977102265986,2.309704194240397,0.7535379637425876,2.281389201897184,-5.075352867950143,3.2449514697176944,-3.5680620650038364
