-8.96658702775781,5.45643602920709,-4.918402298572966,23.787504049820186,-11.004602441604682,1.9692656768708379,-16.01244878109116,-21.028075226669774,13.461882134494555,-12.671088697496145,25.58820394313031,4.914583012426666
8.542191061538905,10.10527796924422,7.433288587158306,31.919987757793493,10.717358864557184,7.031114405431913,8.029491668145406,-22.262131451963192,10.62717145959661,3.0243456427060025,14.778943442917058,-7.162978727890246
1.3919170783140253,3.132117676137936,-0.42473780237925873,4.761182917768764,1.9784851179486302,0.21621338164546045,-4.561987703875612,-5.334553828211977,1.3456923643463585,-1.5437698585700814,-2.6398191802165614,-1.989386486183741
-6.9768216280985085,-3.0404903370897807,12.370948563052064,4.2025460699939465,-11.427659667658453,-1.2974517491399764,15.717910382835058,-18.13580180080415,-1.1572571041910416,7.956301557873785,-1.3996485845890279,-15.780577226039048
-6.3839778946859775,-1.3543160260311744,6.71359461889938,1.5935786373658056,-4.005205018139029,-5.964925685656967,3.3096680061342716,-5.359156550423388,-4.601771053429791,6.13159214182854,7.161125776964856,-7.964888417515192
7.062755502492321,4.20025038721385,0.4720572187848008,16.87199731724628,14.102271120015555,-1.4902679140369677,-13.47861118029766,1.376803553675496,4.952776482531392,-10.198965129035287,-18.87939981136179,-22.129878520217115
-0.13755210776936655,8.017600990176001,-2.170975696431917,2.599705005826519,1.9005031519654314,-4.1449283446028575,-0.7690776893656796,-4.358381513090184,-0.6502233882577522,-4.8382402966888645,-5.3685232891360934,-3.2674974180968954
7.709820808585848,2.4526749079524004,4.845420017304656,-3.596128701010797,-4.402639115141873,-2.837441044563693,-6.751580018083082,-4.596068514660056,-0.058867406199132444,-0.718069325944386,-8.814465165415662,-12.617141469893424
1.1527194740457556,-2.6912681913063516,-1.1411735384795443,8.0322855548295,-0.21840612398040748,1.3523863043495212,-5.9982609252460435,-0.8193424605126276,-1.700843003106801,1.014983441557907,-13.364146922861217,-13.438425793074929
3.283926356842284,-0.6803456152377404,1.2068886046388994,5.3233916818774745,5.662858165239788,1.6684440368111946,-4.588454240922069,-6.81930397920009,1.6540854065436459,-7.108319937227205,-4.360945368919191,-11.176913012132866
4.537899207822055,1.5494713238460407,1.450201616559081,-7.722936165064578,-4.805692253346411,0.05625067106105522,-1.7557587192329913,-4.372985643495966,3.309463146494065,0.03623700994161916,-3.066610733462001,-0.36479055733051147
5.957089859316817,2.312501498529696,-8.413725823674703,-12.549211383885575,-8.581495344366305,1.9989445579730392,1.0585204696229173,0.8933975779804194,4.614424255491265,-1.4522047929417738,-4.841731836969066,-4.4278089613430955
5.447693617636599,2.1500810620831468,-9.232371738235345,-5.604308887824715,-8.04241150124646,3.097368768397045,-10.030809499573515,-2.889747819213005,3.32628010904039,2.8579638878127103,-0.6760893952294533,-3.2970364167606365
1.5002960019968519,-1.6796439602508775,7.146582511257231,-1.6879661349381463,-7.565236203170718,-2.016593416724585,2.7253684203896165,-7.765912425285404,0.821542657345167,-3.9680696703239455,-0.4995561593164912,5.551399970653581
-2.924101290288331,-0.4961793428978284,6.133233974300744,-4.008734512339396,-4.135930426694899,-0.3289295572081388,3.5303971430427916,-6.968986145901029,6.192714770002797,-0.08743117855338478,-2.8915008587195694,1.2254919966694424
0.2845531636148393,-3.9947987226353336,1.486313778701794,-14.025523524508943,3.735187944547311,-0.16691328999264848,-5.169003068465679,-15.454857508505475,1.2315476886988888,2.259490806024477,-13.821592726016327,11.082257807170562
