-22.13384947956302,6.177022527417203,-9.465111844598756,34.3141234033425,-4.534050199093583,7.539553823215268,4.21977139895246,-32.683325490482495,3.056101057414237,0.6792026745855244,7.490712887946386,-7.404705725759589
-10.164589128365261,9.211087068934036,-10.05083019500422,44.102748468368326,7.5425038567235205,0.7275407740394617,-1.1487731708680349,-21.542032573488527,13.17686120870305,-6.659617583262692,8.175550509921926,-5.453781323117602
-0.9127543227897501,-5.343410300707324,-2.751024101006771,28.884101940407604,5.8359759032375464,-1.7383770182957063,-17.78392272735129,-16.24473732125557,6.6452758856497764,-7.608019840218861,9.695480721774524,23.839494413408694
-5.027908392656899,3.3044471517253857,-11.094675896492067,43.672680608562736,0.842301158767758,-3.791574770192848,-18.479616935788886,-16.440014988861748,11.869139315729923,-3.5455741649716614,3.939418671643291,-4.2455839837581255
-2.270038133356053,-5.831122828525665,-5.769597440399701,37.36314786642354,4.184955354972533,6.102715868424751,-2.2218305478721683,-35.26786582690963,7.811322042251213,-0.8856048058072403,4.758119562372647,-12.541309974544095
-12.31194243143729,5.393576436749013,-10.094237301337415,29.437502215322056,-0.5956869846711719,-8.27315505685397,-17.833274144044385,-23.387018232013663,6.052677837745485,-4.478003124581797,5.065000852708407,-23.993715136754094
-13.012304655789388,-2.1483276990204967,-21.748925988585967,39.28868897845115,12.266477143876939,8.821617644880373,-9.434301652160233,-29.309791617608013,9.012090838838077,-1.546700387932125,12.169713901351226,-8.397369382509217
-2.2404114664212003,4.546279350418347,2.9390359537165143,22.38584117906893,-7.796661809567482,6.836038424558346,-2.0576880579239396,-27.792494829903944,-0.4118398184027634,-0.9462367575396882,19.678095341521484,-4.060240520707304
3.3678529363662966,-0.42753351386883975,-0.742184743840086,-1.325676452451301,-1.89435208933494,-2.9554925969871184,0.6748573754832459,-9.88619667580047,1.5433065077259234,4.605516088159957,4.226258587412933,1.9012679492653959
-4.691299142370455,-2.027496269710419,7.612079111067551,-1.7409629127441302,-6.203859121161,-3.702298910605618,6.430830884619745,-13.03899913047381,-2.1346170239279,9.058825612627118,6.388270686216307,-10.236044910927951
-2.741118811505136,-2.4358916980199807,-1.7415466888715483,8.648408357695303,7.652713249257141,-6.08686355879736,-5.144591306186413,-5.8350058415836745,5.2956578420043305,0.28102894362028275,-9.686506180137,-12.196602045107623
1.9872601805801984,10.550727983319613,-6.5753759840930215,2.4567013373947204,5.144069840302101,-4.316894214507224,-5.021343105026053,11.895008607375987,-1.0608407537519553,-3.2195634733849374,-11.15477563830957,-10.73640791284418
-2.9253256488879247,3.8184842101139367,1.7991869690409263,-13.553937670984256,5.916491429366758,0.7583365222151996,1.0878546459094438,1.510692988711397,-0.968983540511516,-7.091367771643505,-2.9371575556955145,-16.8819718825412
0.045597816101667465,1.7009939945630763,-1.5425841509411442,0.7676759255965748,7.230158487635945,-2.731680167604447,-5.770455987790764,-2.332455218606315,-2.249475156345922,3.389572613996619,-5.698282971746577,-6.053522463058432
-1.1406987547112277,-1.9941809788829286,1.7299565815877975,-0.5724629678406479,1.5892307561956898,-2.410327274703976,-14.951126981418462,-0.7251519429412749,5.9304580410518595,0.22635223045381453,0.6608099274837926,-8.024196963021668
11.404179416038051,1.7594681146422468,-9.689928588686023,-20.90937026371015,-5.9184363933479105,1.5594327604279,10.537261083588895,1.6651449862886494,2.889633099419255,-4.535682737613076,-17.89700524199906,-6.358882505744702
0.8188594714035577,1.7753625546935718,-3.986027796684501,-7.616902089264549,-3.52746471183108,-1.9821708943133243,0.1254251355708571,-12.92944665163606,2.1558674280026855,4.342413459179438,-8.712455597998941,4.611898429758654
1.9927654588935915,2.8157634742318516,-3.898577237105272,-7.803632605116221,-7.955412304291394,-0.9604040479509666,-8.81842891521356,-9.047854887209688,5.743925736537873,6.361519935927927,-8.751642510678312,0.23736888936377154
0.4499539156640623,-0.2529604613124438,-1.853401383651797,-7.644544528310676,0.8272767289423908,1.6751368610941704,5.195126623214859,-6.747460669283634,-1.2829625194695635,1.2970574429316968,-3.9358768049215884,5.983457464494531
-3.6031975055147045,0.19141236650421442,1.5919353048334235,-0.09981754951286126,0.24108391138673751,0.92588137094733,6.538571059827806,-13.30516292849988,-1.9649399669221193,-3.3772651877917315,0.6058561169229777,3.3161136816718435
