-11.838763564866499,-2.532670982007949,-8.454253305046985,41.20573926443493,1.1218926950036612,-0.8455474329732776,-3.3356027396584302,-17.208708401236777,5.89606149025696,-1.4792483533282397,9.127787772023893,-27.537540737771316
0.04044074484341742,-3.089844572158804,-6.875796576891654,23.175157004154947,2.3282106625961414,0.030498460514305492,-6.43583373824972,-22.55372535693501,1.7651256962458182,-5.646660826485131,-6.68134510753312,-11.599252682664751
-5.924784869431169,2.314871628817548,-5.88173135161411,35.58989513893858,-6.582423077817841,5.588089108268107,16.510024621917527,-26.36413465900147,-0.8119557253884979,6.594317253881748,15.656608054076663,-22.723437462519115
-16.158971367184407,0.9033509259205132,-19.944244489145397,23.988739687647538,-8.164897171429379,15.104575262559607,-12.144952508519246,-43.46998349182411,-0.5161332504346836,-9.165183894747834,32.01362128658177,-1.7375741397305582
-0.46051184709009885,2.9139373374486564,-8.153914450510474,15.419359414933004,-1.4168241554910153,-0.5718872730574454,-8.089796107416472,-1.5749834449866391,0.40981727824132674,-1.5116827327376652,0.6763512393622451,-6.7915270397735155
-4.478597334934871,-2.5340143697356985,8.59818536069087,-0.28111485797714875,-12.93601771396769,-3.9076909239283912,12.3020067792294,-20.771945445263224,-4.925032900616595,11.44043671689421,-1.0772798988753338,-8.95683294731656
-6.355473100178564,-1.8822815992558124,2.1197539933799305,-0.115498223935119,-3.641792985549179,-4.392381868988831,4.825347426053344,-12.396592521651758,0.39393369258236455,6.2497399634631225,3.7971248837088503,-6.85040061273698
-13.755985183964716,4.925703004449138,-3.215225439783955,-2.489227526925308,5.158613535581928,-1.1841672880495526,1.8749121402581264,-1.7285430150437666,-4.003482616465856,6.873277311599277,-4.937826526866676,-8.717740627610718
-2.559270622712141,2.9742078289037623,-1.7754268241557218,1.434161575565085,13.366412744395705,-5.615671624949622,-0.8900927553391611,-2.0230310726135796,-2.1769268737550433,-12.520463576067941,-0.03382098883092155,-15.078168031812853
-0.372574118840566,3.034159920164541,-1.4342533837486307,-1.6193640920927477,7.621657059214027,3.095903532164795,-3.8288185684463296,-4.41724677871528,-3.0603235739554044,-6.322552046450139,-0.6578700992008784,-13.551824019424087
-7.967754405175736,-1.2313124517670304,-1.922651317635056,0.11017379284625228,8.960049243181748,0.7352461829365103,-25.115746244219945,-2.638313733092729,6.640950597986645,-8.212727975297504,3.9496336086971016,-17.27871935775601
1.9036510012743113,-2.5742209095864252,-4.896286438055959,-0.5769557203475241,13.89342424251265,3.54923442324006,-5.871306627364714,1.2493254774249933,5.199591186161886,-8.623416661445171,-7.283980715777156,-28.60032656737005
1.0605106917470648,1.739962585820189,1.2884489100604812,-1.3436209335457727,-0.20913401243516794,-2.864050833141855,0.8750147547356618,-5.8989137629409845,-0.5948971580816278,-2.7143684325363804,-6.805289199854118,-2.8486663668519063
7.13202583305915,3.203164835319756,-2.3142185404472615,-7.340160823954332,-0.8866776488378662,-2.6344382229383543,0.6725001023024184,-5.127493425312342,-2.7337545797586618,-3.7559849381041763,-6.784120691549439,-1.819982595365317
5.34887829582036,-2.60173919344376,-1.2693988459378298,-1.6705013264520991,-4.046907237539186,-1.7781059399944086,-7.506646343814681,-4.65711935578512,6.433237819822395,1.07569508920697,-3.423686234920981,-3.3024571969007104
13.904079463088353,8.244367344237318,2.6295788348381497,-6.149655453075824,-5.631293377909297,-4.020719377814383,-6.9309920971866745,-17.41978957698596,-3.8370674056796155,-4.529632614798354,-7.579589886575787,0.25233661452645695
