-7.39520410896239,8.832455508450067,2.191870826482355,15.409285317169235,10.326929792965641,-4.0627123091973685,-12.148511384190781,-16.98365484952114,-1.7439643023564626,-8.965195978170705,7.462411291565788,-12.518143062074175
3.7980467955422865,5.718379794051548,3.4392476730337753,5.4641659973011745,-0.29955337133356563,-2.0909218634837123,2.130928469606485,-10.963054122538827,0.9122856197877529,-1.4936014183847066,10.91334980693591,-1.8041757352985177
-8.733348063507602,-2.7600031948973913,7.271984033658365,-1.9545557166113205,-12.163057855285574,0.40671371649179455,13.756335618099827,-14.228895861463696,4.601892700699192,4.953567778030653,1.3838172979295684,-9.717967601442842
6.605416008696133,-0.08257775572164833,2.180433491468831,3.124264135504701,-2.40110581948548,-5.575187245297566,-2.697103954554173,-2.9760892886556833,4.275353372024447,6.4573411875785185,-0.17463204413481342,0.2993703080760314
-1.214159208655841,4.203005558436532,-0.9080299452534615,-3.390740195924766,11.117882485513427,0.23061861456355964,1.4646952359753809,5.988725683955657,-4.116056278154551,-0.9079438802435044,-18.31220898829449,-11.718611298643188
-2.306875152980256,3.6836307583073356,-10.78103869171104,9.06301191865255,10.363096195303337,-7.974753681358439,-3.921754673445472,-1.8502999611812236,3.3971454308072957,-5.859323079647323,-9.754926891659391,-9.614921348668778
1.8832982223327133,5.404719688176815,0.199277694035344,-0.5452766162233926,4.124319883047893,-3.0974465287616546,3.8725389249725444,-5.456845253108622,-5.174545596477047,-7.2129179163240735,-7.033042689191818,-7.380142622096013
-8.092621847545228,-0.8333170243731456,-3.317174258278112,5.565821478563133,8.515208871869904,1.2315839152843027,-12.348315696224683,-4.589738258557054,1.2245311296339874,3.3867716172634985,-5.519380915461498,-9.703628653098392
-1.6781060186789718,0.15825501617982138,-0.44376720656436286,4.388386785287555,6.132028239030555,-1.6693818142672712,0.9412018266351335,-4.047402279781017,-4.38159913308575,-0.9581753907215609,-4.797481759727485,-8.72314138219714
2.6174061263159207,1.944963013185052,-7.99497185867846,-6.673877689929393,-1.9295294074764127,-2.089269205486133,1.756400125915165,-5.1302071287116595,-0.4373359056064072,-0.2607551839632707,-2.27304417984676,-3.2664503047687554
3.8806089118082894,-0.23533022427725747,-4.301517581706041,-8.925350039335965,-5.826788714611767,1.4155205991315372,-1.183747235261864,-6.720011072844548,0.8355107752717321,-0.009099996371396246,3.1226747662075622,-0.07533347321180206
