-5.764913508290283,1.1769841100660496,-10.066378720198074,22.80618076401353,-10.112092533402786,-10.423783616330194,-1.3323495568193011,-43.63645842933394,9.024805852761947,2.6541106652862636,44.73277979026845,0.4629488170572671
-1.0567807507678353,16.396675847970023,-5.158193887706731,41.665844983244625,5.685125011086823,6.961592718575357,-3.2704601243039146,-32.34922896612656,1.8478832938733927,-10.150599522608015,3.4977544321004537,-19.839330294016754
-11.251245258086717,7.159712823911323,-15.886493956530181,36.654788870839674,1.2752282366114578,10.835479488179478,-3.0515013728031226,-31.087565314932807,0.6872965876063111,5.615703420933844,13.458769360556396,-16.15849090268494
-10.585332829150254,4.342328726907189,-10.187723749685475,22.14264864105148,-0.396044711033289,3.051995424555064,-3.9154544031723164,-31.426028492954323,22.897417136248244,-21.31488373898211,16.68963127393025,-23.28738429657183
-14.096177346734459,6.987331174830887,-19.073613520471888,34.58403637029487,1.5369465043083013,9.021191342824457,-17.265396945875523,-20.151751536809222,12.224113637408083,-12.280357059666166,22.374075754178975,-16.154579522093623
-15.793998519654435,5.350591087895917,-5.78950184531924,26.815694707580032,-3.2167626787383714,-1.489288792869534,-13.573638981700585,-28.58295396441812,9.749169536261364,-9.514916451418463,16.076451061214254,-9.880866411709574
5.124704125664827,6.391649672447793,-1.2854100291540953,25.57726054041703,-3.8727723212771727,1.7985391009883123,3.932588225211852,-20.98425280833711,-2.9693801958255945,-6.116274602177062,4.29764397007185,-10.235896023879231
-1.578014133133287,0.9504764603395821,-2.374402921110174,28.540424919441648,-1.9695458840345679,5.424072884772713,-5.732030501703705,-1.2596076512009347,1.8773870197321387,4.029846502839887,-17.641720317981584,-11.688790140099302
-1.197046811787303,-3.053916408965947,4.9012742570589385,-5.018748577221421,-9.189660329467644,-2.546930094169448,10.653460648892153,-10.848315639981827,-3.2812852339567287,9.152970819686004,-0.6871573528092908,0.9579193065417213
-6.392293343731282,-1.9741409247589852,-2.6878328920167878,9.663317010430873,-4.585111091878399,-4.81377458117877,2.8054280752403282,-6.997217392048026,2.611354170296542,2.472108740129472,-2.6223172339599334,-9.459057895359425
11.58778047488234,0.45877414640018976,-1.7804530932490557,8.41933940920172,7.018518462493179,-5.399420072935741,-6.544182775962593,-3.603626643375186,6.201584918996223,-4.241869660519162,-13.2080785460412,-17.002993937759168
6.948468026231188,8.738984441468359,1.0945925371471517,13.671269306046636,9.101362507787169,-1.8340926070669432,-5.047436639819753,-10.563788104082786,3.6383939015077873,-8.946940514951438,-15.128296826288457,-16.059175854851077
1.1154747153399858,0.6647657514571046,2.8637326414891455,9.220371102719772,1.5858999345125602,-0.3100957588149847,-3.1877124319689982,-7.100702126507845,1.168685626892358,-2.8345786158569988,-7.786344107546251,-9.943230543628117
0.7548608507754587,-4.190129992034032,-12.502695182599386,4.645895290389602,7.678512751523536,0.3288312401801187,-11.195364083408169,-1.1593812567167006,1.1308220934620643,-5.731341568427271,-3.0119982968362042,-0.9173461912861616
3.261458796350733,-2.482883895504661,2.639169217325902,7.71365196995729,8.646011244333899,5.324740151776991,-5.885646879876964,-9.004737117165567,1.080773143920456,-8.76246951398423,-4.6776326594032325,-21.451673633358002
-1.6479278084900226,0.8136915188156275,3.0840256731976674,0.4198679174867788,4.200060662498271,-1.118912250685782,7.5171011472615294,-5.299811806718951,-5.4089265875091215,-2.1965666092569442,-5.749285248917854,-10.639434818084215
8.143025150515658,1.3743975894892757,-3.0424102441952345,-1.03712409261495,-0.488814358046343,0.5707186779033924,-3.6448378818579856,-6.9241356252378035,0.23296960171059033,1.354011977308485,-4.438802696445011,-3.940392174891703
2.763273842399559,-0.49658622128056784,-2.363776289430716,-5.591983297747371,-1.5818018551004274,-3.636306052469121,-3.332887321601267,-9.542668999481597,4.529028495335291,-0.028469334356280296,-4.711704780374058,3.14174810886403
0.6115520951477362,0.7925286408626226,-5.760113781187814,-5.02722188853891,4.549296463036486,1.6548451662290893,2.7608539942729458,-11.272613287663786,4.390266401361325,5.034753028303209,-5.372404735784746,5.834686932134091
-4.065865494636826,-0.017989864749902607,1.7495238614660769,-12.480512447324644,-7.5448233956106545,6.134651888422484,-2.218988159700641,-6.453279810440244,5.529642923712491,1.6921480545034693,-10.143456173244399,9.669989194503831
