1.9504482896539654,4.923377150311038,11.18684679686739,16.083463412553883,8.128585916657002,-0.1090921956945646,8.813530292930784,-29.66818071630036,3.9622758270038454,9.313508941909557,-16.429322780099383,26.84702031540693
8.778844810327476,0.9440573814917936,3.760711987486193,28.327234233710836,-2.1048704647295815,5.910586420600784,5.472136295074953,-43.12706827123894,-3.8489230088221835,-6.870965530857236,-0.45566024654202353,24.852389566163087
-9.890733146893854,0.19067973293052232,2.545269640939081,41.3236859980235,6.508952196048477,1.707719849265974,19.698754331185118,-45.53181495096863,-13.413577363445398,-1.8721008089897375,-18.179478146178408,25.969484998353124
-4.752486880587316,-3.962546498315421,-10.49513031331554,22.744601340603488,14.486409304578368,-2.658069983160961,-6.995269679222489,-29.569813894951874,1.5331538197011607,0.26058808137536527,-49.95190777377401,19.385932709236286
6.567043208727207,0.5025473180296411,14.630513992461447,14.669083966071554,5.930022692407102,1.2778020883388932,18.349575523725083,-7.971982411746217,-3.466924822498338,8.69530407871175,-6.218150085578852,22.441354587071746
0.38599224963492906,-3.7101472939565836,9.706256941029412,-20.23917326822931,3.5844478207819703,-6.493244994269115,-0.28166538746032915,-18.550302338647796,-4.119117165214386,8.99320352633313,-18.394461016831748,14.599190239624612
0.3146429282370443,-1.7715299436808514,-4.299919291434598,-19.256652730848067,4.671698271267556,1.681150465779469,3.3496709156213673,-7.403959243216965,-2.636894292975484,-0.23799200219283448,-3.07290732978451,12.594844219398462
-5.332618992109689,-3.2196276165342685,-8.624335090444966,6.8381939156743625,-6.069234342704491,4.7514486277601256,10.548804228234259,-7.514429960718889,-1.22159654356105,-0.6644720309460816,-1.0444011773226345,-9.957964822521602
-3.165776784489718,5.3971624920872525,-6.27680866835825,13.266846959306774,9.024022106026548,7.687811648253044,-0.06389608488187071,-14.099581936061247,3.9192721920198874,-10.738461565507674,7.602819916978854,-2.511601106011518
-5.713159938107504,6.835291570324669,-3.531254248435481,10.33481043815968,-3.923951617090144,2.4955050275165296,0.3623211383385668,-6.608197850160022,5.691818839112976,-5.439787039671645,2.9707824201316013,-19.124442192601865
-9.635842833170447,-0.983030823912248,-11.654975418843064,6.417481746482548,-5.653881997019168,-0.8760657886222075,10.911109420513865,-6.506008572678819,11.636061113931254,-4.52388234758321,4.358802038259212,-18.731964012478464
-9.224763696448687,5.002187604387307,-0.20933289913616715,1.7273000971105312,0.7906473848066793,-0.10880514488134985,1.3298953737613401,-11.624282763490427,-0.026343494874385698,-1.50298067825269,4.147747617110502,-15.344372358661914
-4.495298264376383,3.2392038915748524,-1.9108233912128525,-4.422947050010923,-5.967345900413875,3.0602198756177046,-4.129079700497044,-2.7598244870791526,6.505792224370879,-6.877832816932108,1.4305162087085126,-6.346341816321053
-2.870583457810134,2.5187066949904535,-9.64609693435756,5.378493408419786,-5.254809063849793,1.9188198942991304,1.9446201377276218,-0.23198460965286838,0.6610508092547613,-5.840620248984193,8.117973958274554,-7.4506734177452625
-7.282839498066464,1.3655115584553466,-9.613030805320616,1.783931104859267,3.5653561219121284,2.0311192540274283,-4.013084396481263,-6.7479704446614965,4.1025579821456,-0.7775569576987555,6.802449756522405,-10.200260328855688
-4.401332815606544,3.217495476453143,-13.929091368217389,-3.6008821389972097,5.145718698117717,1.180145649978777,-7.0447492677624,-14.922952944199196,7.903659513112184,1.701708352124454,7.8465195967677115,-14.034530206618804
