-8.823873965711059,-2.93881685060442,10.682843957337417,-20.56459157428029,6.528455541028601,6.199008244826633,-10.581468274761974,2.5757119545860316,-1.0153563615132475,-5.242075850952455,-7.6258557492713726,1.6088215974620454
4.547390102276089,-4.045554301159634,-2.190409143581763,0.2872182685381214,8.252759357031751,-5.30057234960406,-11.276771192545345,1.8339190292331056,5.944939540442605,-2.108796778052398,-15.863826606657907,-9.93087806165358
2.286278581730762,-2.9238968913828756,-0.7800461699536779,6.339884574841499,9.729148845305408,-4.296135780620794,-13.443429751474225,4.634321621593641,4.602232243385109,-2.2963473538494554,-8.14453732610956,-2.7704469839063792
-2.035585315750357,-1.046125395681959,3.345405256686366,-2.609892134913718,6.048047090329036,-0.5994276745360926,-2.5187627852855936,-6.520115276089304,0.5927289311330876,-3.9160296797720715,-6.300968533719057,-1.364341399068809
-1.0260024085372912,10.386924123373976,3.7035398285841965,-2.51194313601758,11.410848601105918,-6.992958254820232,-2.053513031559105,3.9031367220580355,-9.983952990492364,-3.838751313485787,-23.16890682146413,-14.045598792153562
3.932499766655962,8.071632924434075,0.13779249913831876,-11.408460673923967,5.557131170280772,-4.482288614999832,4.246418014400098,5.484821743557221,-8.309307468856689,-7.258064957459168,-15.427043463824885,-14.134589903593978
7.0789655533059825,2.6775573733281366,7.369769975782819,4.0194736534699915,1.9006227741758857,-3.0725483613916573,0.24219431391203036,-3.5698597284376317,-6.761954909247613,-0.15352205296697188,-9.433162816265707,-3.1672467628024266
3.983964108455958,3.1601267263470496,-5.705977663982164,-8.886707648501703,3.7721802279155257,-0.9164298246754006,-1.0912967994809326,-3.205186730383124,-8.74765363052792,-7.7868575626569845,-8.162856800817634,8.885372141542325
5.700663107503589,-0.9888169920541588,1.5085190795766374,5.3394386420044855,6.957444201157491,1.301948711643357,8.270823151734863,-6.0629607379091475,-4.822107555295364,-4.62352755913146,-10.971125172642335,-4.711834240002432
2.769925025266407,1.4305941731509653,-0.7751006106307465,-4.845799088513309,3.533305854766244,1.292392259546499,6.851448105004212,-3.7358019356065,-6.495335716999101,-5.438939847391859,-7.284519581724546,3.9063886220036204
-5.5910068271809426,2.723133756843519,-0.9367648058932102,-8.93711077811967,5.550482256537552,-3.723734279257317,10.946448436177914,-1.484906656599222,-6.694147572882161,-0.7616894632704779,-9.341792562926411,8.450595378423786
