-2.089279371743544,-2.3861791731516266,2.8139211674135707,-8.121164804356798,1.6110457476171,2.1865466316230426,-9.818145307467317,1.7647236934640773,-3.0072134022316703,0.6608739932924781,-3.3176309381951414,-4.076643415788894
-1.6170859988979203,-6.782518341369088,5.587290873481168,-3.059323655939239,-0.17333540582627077,4.284416232359556,-7.463732815400178,1.159987205018263,6.897580809339746,-3.340901749026343,-0.35748915328444586,1.4162472666036807
-2.250724292537213,5.49066733994596,-4.452453584780343,-0.19465127003416854,-2.50802943269623,0.3172956262668404,-12.81867280572916,9.38442993583194,-8.519670089586684,1.7657218574715283,-1.4039068787470224,6.189516160095009
0.46623659114708826,9.085281318748976,0.8939970475356778,4.273383824248111,3.8322746340846328,-0.13891291615817333,-8.703853668791453,-0.5135510859771745,-4.830968954955274,-4.51491880883197,-14.744466280831908,-3.6903368608401665
-6.458109165663539,1.1678418294826436,4.715772471272008,-6.1435928400618485,3.0574057097936427,0.21056813199858138,-1.3038517777905974,-8.579669493295654,2.0389651463814884,-2.2739286184182372,-2.252103815095511,-2.317417550887746
2.3222713974344966,-0.8652985698643028,-0.3931459662708536,2.348402815131688,5.456408074978828,-4.175529489632067,-10.003491614995944,-1.4878226367430316,-4.746149426541707,1.1913293517222359,-16.60610751732287,-4.710322067982119
12.66337594275913,-3.748690732338705,-4.122622296357217,-3.2290454710209686,2.175925858690636,0.6106192232224631,-2.11827303731787,-3.172582702498314,4.158049275363184,-5.5399015977482495,-21.57083650530456,-12.389003380882846
15.327417735825383,1.7769720270878013,8.115635826228958,12.1517442143401,14.072221287709795,-3.8650323306891132,-6.466550393620575,-13.657869055859994,-2.6187106957776285,-7.836751150494891,-26.909183035279554,-14.358388356311915
4.454974021536026,3.8111743499645616,7.0427017959440406,0.5867763704656517,1.9459260383219483,0.30073908563043167,3.9230888772763612,-3.9543659265494346,-9.075032001224033,-4.246595768944005,-9.644966628398558,-1.2515691373019497
-0.05376415769840216,2.8349907277759976,4.062002492983832,0.8615287577868518,1.1083315745039521,1.064505117699166,10.372198511436151,-7.421611672755007,-8.614688590912163,-5.341590219563118,-6.9187745751814544,-2.2785220484690423
-2.209449725050331,3.3459115858892905,1.2253842512966944,2.0370047203126225,-2.8435302502534987,-2.346928176580408,9.205026114435228,-6.7931986384090655,0.9496279924658866,-1.6263755159637068,-0.9345774400533787,3.6135048714590803
