-10.789394606936508,-23.609568124433952,-8.238495423781462,12.0921157106424,-13.264130338638653,0.0550808026078007,10.957312689751507,-11.381988779910452,-1.7264049092243496,1.8115591239797657,23.76882139410319,-10.47776959451486
-1.2017114396112967,0.7046664412057994,-3.4232592142531924,-0.9654987266815567,1.5013460534855907,2.1603663307818826,-5.031777961598636,-2.4289499104493943,-0.9132955386715544,-0.6225799611642894,-5.690131449340921,-0.13193165632732695
2.9641814529856774,-4.499044528080022,1.1004426423866112,8.872163449598535,6.19206810545294,-3.2801528512528817,-10.656889949417563,0.9592114030271615,5.981939057626479,1.3380323921542432,-10.433969781352367,-5.5665888149982905
-2.731648041021372,4.742465877681163,-3.816357361435484,7.99424851098516,-2.091556985629157,-4.198736759694821,-1.5879112622118448,-1.0340998797479717,-2.9641473277966184,2.8494457713313537,-8.504096978376184,-1.317556646707962
-5.7481734150525154,8.753640012252802,-5.522551589872339,6.23054539949533,-3.0975769236282,0.017467828994732232,-2.596796338230017,-4.496749693456449,-0.794419942466571,-0.3740450490692083,-10.093130600540494,1.3321858172880292
4.357639347663506,4.086940957109271,1.544816665045217,10.677973487038804,0.7016857107035843,-3.6237437160948747,-9.155670940714932,-2.9780290533002827,-4.581861587583172,-1.49292113971834,-13.967713379391526,-3.927325166913441
1.2607494660299858,-1.2629870333027455,-5.708729182429873,6.180706584766238,4.69414355139793,-7.326560199749728,-15.195977233508247,-5.48888650441863,11.222901679146768,-4.798670963544291,-8.669197641169815,2.9658554417255223
10.720005770052895,-4.277278517258482,-0.6141746005073597,8.684259253120187,5.432411384000903,-2.2844467353098,-3.640491153510839,-8.919258026763663,0.026855334267826242,-3.8395146916233887,-16.53084055766855,-8.978791022628139
11.558561436258566,2.03832176630198,-0.11977694738155459,4.3221589420404465,6.248595686030932,1.2391236972941353,-9.126612107720701,-2.809586571117487,-1.5884086038883278,-9.601485423165016,-14.225584431898032,-2.0483778369088785
12.23188640033394,5.765885249453935,7.691612476303505,1.705841158862352,-1.3335800335548689,6.122606830605618,2.923881683370737,-11.332560076496506,-8.397160463712396,-10.926509459581196,-18.385115092416996,-9.767614289478809
5.58228302267097,2.937579212075835,11.90681058220893,1.5705440653777551,-1.5324465362704192,5.990908840123534,8.461408578320182,-12.704186440317772,-9.211585936422999,-1.40372185785372,-14.395154284026022,-9.420744000894
0.6933774160090107,-2.203137802714881,7.720921210664183,-1.5429797557680538,-7.172405360496015,0.6572759386181293,8.087916940087162,-10.739748175723154,-4.4503693678450045,-0.6943653471350018,-12.08828338390391,0.27453802803457217
-2.727198926762466,-1.3454636277204828,-1.7898362936300416,5.119376507365258,-4.4448154619312765,-2.0002440230828507,4.271105887335704,-3.4802281819921546,-3.7798367269169004,-0.5918703867724313,-1.1672601725463088,4.0241991286397125
0.2922131154278616,1.0387390710332762,-7.173961916328343,17.32245646826823,-8.337093732853186,0.9889196173637333,5.630457027247253,11.696761299356107,-3.1464094768474054,-1.7540374496065072,2.4755980393006025,9.558179559531823
1.8613899999919137,-1.5488047209877291,1.052490738798827,-1.5456613350020294,-3.386962105264262,-1.9113202359386137,4.868083325050442,13.482417719417716,-1.0099961332838863,1.4623764997984987,5.736223490922157,0.5579698404155837
1.2685357349234205,5.15429735325715,-8.623220669280403,17.4454571849108,-2.2063850718641373,1.1935904707424398,5.06084320351521,29.141811727807436,2.7773310722261724,1.275592325627983,23.998644086175347,0.8660432381397276
