0.2706542936358851,0.5213442203490813,1.9002047378882452,2.7307241775728555,8.465052817542274,3.2451087390164917,-11.174988553244596,10.404117833610306,-0.7427841140060958,-1.8819700971600526,-9.705464030094891,-5.238002346099465
-7.311167477332373,3.277596719119577,0.4905612706332003,-4.2620088968371785,4.759863448037235,1.3699403918512085,-9.087976125263843,3.6802030112180617,-6.376196621396693,-2.952656145335376,-2.7052561054208044,2.0275885395187982
-4.515480590822256,1.7149200261651345,-6.582927217009793,-14.270289199446523,0.19080599528596698,-1.33393945426517,-0.5996033550333788,12.026006239232322,-0.5841337559837798,-1.2554214586188557,-18.186977282339758,-5.944941485348036
2.2781924014849686,1.975118247897338,1.904952914553916,-5.390883571273423,6.441007466693595,-4.565936870731815,-3.7002524641908208,-8.434363483974924,-2.9911958917677492,-3.0765676848583206,-8.24157466788717,-11.550821244738831
-0.5000146341919938,-1.1319827220509397,7.078973344777266,-4.718485545531431,0.36131009779916007,-1.7817342844891453,-1.9213053663232798,-13.61178705238697,-1.9053393144575523,1.2281544372277555,-7.070941376367791,-1.262876706946363
16.425838924290787,-0.5582987801755923,-1.4042169701677234,-2.4962595430565204,6.114794517371758,-0.09697866860293852,-1.766530479309463,3.6610164216282812,4.576020024442559,-11.337071936398342,-29.429502925767203,-15.044174955059717
2.038502591269335,2.5094412811720592,3.4113645359146907,-2.1274387772064896,12.13910067197435,-1.3807288220499583,5.167613410651192,-8.228290531436409,-9.243573517759756,-2.4869815046754873,-12.974361788795783,-3.3742726711802424
1.9352333672333066,6.119264142524103,11.068104736322725,-3.4174118740222292,11.705210607915282,-3.074378053271998,6.015382764074518,-9.158769006371971,-11.137601762135988,-3.8451620530949535,-18.072105761126867,-2.4591376338840827
-8.84566795880221,4.056494008254745,4.459269490798913,0.6584573319666399,1.8217620901183706,-3.5120430629445423,10.697616370824063,-7.962511061319892,-1.6894163515502902,1.667724297256663,-5.6328042972883985,4.774139018157518
-0.3230281486989301,-0.7695153825150428,2.3187840848593106,0.041320757530271424,-4.098666095848847,-4.687071858285473,2.3684159994491294,-6.481149899713615,2.0849597707185388,2.095314020691251,-5.4880059917760775,9.460411288110413
-4.187746317590155,-1.3414403704675313,2.871841316273375,13.849307725577244,-4.487132309946052,-2.490348002533324,5.998163208917017,6.704972667371898,-3.951124484171215,-0.12002253138697784,3.769737237042672,12.824210818571899
