-1.1086584304393186,5.749392872630847,-5.997382825308631,11.242271436114681,0.9744696242334536,-0.7751540770515915,-14.77424427633083,-8.88462295088166,7.032617160848368,3.511240874098676,-20.57075087708872,-7.7043017093296555
0.2346388483456449,6.033176469863707,-0.08563377232860553,9.26857235372109,5.327253153258649,-5.035003381842701,-13.865172480998469,-8.001592349604259,3.6990723090330624,3.7894561481796663,-13.373888191373192,-2.521518056274909
2.7619425482059037,0.9092330059780527,-3.9401540275488847,-4.7340977878413035,3.358854866464761,-5.441166244340187,-6.030956083292211,-8.06164643140061,6.910818031035514,-5.053459478476531,-4.884806587628624,-2.875632190885566
5.986148993163805,-2.3020612035223627,-3.2764747187159857,-3.299999014544635,3.3245162406664206,-0.5695951558409957,-3.744707225927729,-12.427023688887822,0.1225821381673777,-4.005161148114711,-5.757620730769117,-2.0003059488015693
14.80748442383182,-3.3534222906537487,-9.13612010819466,-4.7820759353674,5.9872850909389035,-1.7404118338408787,1.8523250915497538,2.3883562790800537,2.783659642063391,-8.095404509124341,-29.84765039667691,-18.538132217970997
12.233294322058102,1.2106499012146683,5.601280263580898,3.653303582062648,9.752184479345116,-0.42279606373542383,-2.2421687823358396,-7.225568629685506,-1.5625615319456132,-11.109704745825201,-21.974218911061904,-7.209309476823871
13.33396035333375,0.8951926713829986,0.2255914342160536,5.424249534120628,3.4600677054516926,3.5367634610744867,8.907573845840162,-1.844475567984749,-8.707250370644458,-9.940999738514632,-10.804319586372435,-8.67361833756782
2.616230304327981,2.1657153036059626,-4.59942134784077,-4.082357287254903,2.5481456785183925,3.872967558891197,8.295433391675306,-0.9456057466080858,-3.787172998961074,-4.690236007715955,-5.627887950200499,-1.4842687065764346
-0.5749111209908047,0.18286447519534854,-4.97697451526493,-5.94600725590682,0.5992593109656501,-1.2352402104939906,10.043082983094882,-0.734351866471243,-1.950610222919665,-2.351343797660147,-5.415651364108651,5.780462828826469
0.26486475582088015,6.79953965637864,4.782576232585909,13.555950748747687,1.6898780108783271,4.496924452451417,15.998729350743693,8.884274837592027,0.3948808308591426,3.8657853602411096,3.7582412145408695,11.48466343312731
-9.697755833039286,7.4902803474902715,-7.968492349748688,27.235493220800933,1.8456527692781055,8.634341995738891,14.655800009930589,15.123600633419523,2.052526048984886,1.7248336340821666,9.104793306052901,12.826500046358968
