-20.436987858256412,-3.4820954820464376,-3.1407867754890244,8.152523532216895,0.24363089802695548,-6.03260645816526,0.21623265767846633,-30.50372458434309,3.65661240595847,-15.384970440260073,2.0504504153527563,-17.172217268463406
5.462090005111142,1.4127516801413043,-1.5139621708428779,8.32692182410323,7.397447444206368,12.961935609075677,-6.729235387212679,-24.082405332450445,6.075398371917085,-1.9208004854112248,41.63051103410871,19.205661715985247
5.060996854409305,10.856598994014174,1.5323072508226359,9.77063610525903,0.966328542434379,-1.1161424110825504,-14.909818382076491,-34.87188514464387,1.3729127007799882,-10.807357900508414,-6.718523542291818,-16.79862628317908
1.3150324175185246,8.111251323542628,1.563353730871758,-2.2862086799820642,-1.0415941353322058,-0.8048735955935291,-4.668843660297274,-20.865296744724965,1.3635675922171062,-5.339515391335501,-13.584113111670554,-5.798240893095801
-0.9879300983150845,6.17981254518934,3.3366674678543804,6.075119401391786,0.6449332720166039,1.8345366517521835,-0.21675904316830708,-31.291262467427142,2.822546893734799,-4.709104938946901,-1.3062243829852678,-20.10512999732272
2.3300945735662815,-0.5724646024042146,5.461156799028366,-1.2084932809935993,-7.2338646869552,4.759094782736765,3.8151051611825184,-29.414584997284376,-4.708992277505874,-6.258394478149709,-5.1884285684826,-13.735558945808991
-7.160947885681242,-2.749297079573219,8.773968505037992,-2.6960721822644285,-7.883373155693968,3.432974483842003,9.013140314217722,-26.152907098446274,-0.6576131746095859,-1.3772945500764335,-6.694604433668262,-6.61291361503817
-2.2463421480565384,1.87116550333053,-0.06975391150244281,-5.373548897613917,0.16328135429873658,3.7197027945657757,-7.556016996418986,-18.65681274518695,-2.340648845979622,0.5197996103214755,0.7331468772481613,3.1238826956358885
-6.003716524358216,0.6819304082943871,-6.159748531361384,4.020745534610951,0.7166882636975429,1.1991644819731286,-3.7342156077429713,-28.19665961248267,4.507486514644895,-7.85666705933075,3.9779401854339547,1.6549993143477275
0.37302782824298664,4.345548257224208,2.5174355620719453,19.9315062240984,9.3256470255182,-4.151033607156059,-4.257015418435467,-11.874298276408707,3.1139342372438024,4.249697272956512,0.9663861522710953,5.422179630748504
-12.112400597561862,4.433505755832551,-12.998971528344134,30.808532403481372,-1.3704524863905894,-2.3177580205245802,-11.850783977508108,-13.073309879803347,8.75230858811922,-4.096352991176725,5.947123129179573,-3.847805334903187
