-0.4493820056274841,1.0752011447172702,1.999036936655996,-6.126038627214639,-5.174374513099196,-2.1887406858188103,-0.11587706691986246,-12.211398735397696,6.19923954314758,-3.9706878020925322,1.3024816109199926,5.631025300912949
-4.134796341218645,1.712413093894239,-6.270711991440522,-1.8295840984222025,0.08331606057302046,4.803083903193658,-1.475483553739409,-1.1119140415224602,-1.1025639948682648,-6.147176817668166,3.386279298235546,0.6906188336262957
-5.478946664001789,-0.04618276684740865,-3.994204430040337,8.96930655512861,5.576100015324939,-1.6792621392230471,-8.17875220713156,2.69605813139301,5.01203706805868,-4.899644930413788,1.6667801272587357,0.5324904263335146
2.3723130089075086,-1.6713932455662015,3.8605685739932816,8.194105475602505,7.678118266349022,-4.963500739178675,0.18206107262659216,6.842038536592097,4.359368106250449,-6.619341613332683,1.5097315697514775,8.336683441288079
-0.4859228902748667,2.105782226679268,-4.859501315938399,19.54657504039701,6.624355080659664,-1.2882697884707777,-7.3773996332624465,8.725600444337893,7.141535085640148,-10.039397656864985,4.300977403897088,1.7660475442407628
3.048823374921917,7.017597032532047,1.3614877995106907,13.812285594039551,11.502055141537658,2.331553887662022,2.3030064940864436,15.41174794179244,3.0105695938557884,-5.200033902471962,-2.3465040142490943,-3.5815143365595183
6.269222510955831,3.4306061221708495,4.385960458497231,6.677577715249575,7.019035160349507,2.757292100962233,2.0481305304751007,2.2226780922348444,2.8644920537023926,-3.110377895563387,-5.033627167915441,-0.8133435826233246
0.574880559735614,-3.98691614562673,1.094165253661884,10.57854197712562,1.3084460537490212,1.2205866068002782,6.9779602433714185,10.972178919230746,1.5593239050012075,-4.938905988277366,6.184472211360106,9.955859897859266
2.773367470614497,-2.2781502343021094,4.051153824535637,6.910715187395763,5.734878603310516,-1.4553957869233498,4.892677622383931,6.278593051920248,2.509343335212795,-1.8962377222266686,-0.1959918599677063,3.538991996768706
-0.07973517775082534,0.04229205947317588,3.9992669175267554,2.143945025321125,2.63340897928838,-0.7359871550756186,-0.17761705316133772,2.8328926794174323,3.4337679236039254,-5.741731435006756,-5.554636513438063,-3.2452658317407352
-0.4151783816320073,1.0210510436820877,0.09485862974168863,-3.7757694258865797,9.561860927925549,-0.39852780726243947,1.5889655062329577,-4.487452899759561,0.5288051623627974,0.0703341142655955,-10.689057454664693,3.5102994447973046
