7.040964138151622,3.20613408070386,-3.628600813002146,18.361988607251114,7.302009164954335,-4.326649725332171,0.2506790557498466,8.774223476194432,14.778726207954097,-0.2836896127171249,8.983931357262142,6.2354225938503145
16.31035805993919,-8.450806957565156,4.3737145126148524,1.588657038881251,-10.03549367212327,-5.285269121479689,2.689726506656814,1.6962937646189222,5.238560722647996,-4.086945844163341,-1.7609768154407552,2.4697761612387943
-7.707453145312831,3.8740008071508703,-1.7502259012080363,-2.368285674480026,0.4579466313490674,-0.49573342479139326,2.7349234210775744,-13.895244521018103,7.181357735642251,-3.087359266636013,5.449050382873538,0.057309618952802135
-3.175931834631121,-0.40516453652004536,-7.412521647541598,6.816660955770687,3.8965839848988155,1.7374896584715294,-4.460905349739435,1.6187166582189019,1.0112430944801185,0.7029668915811206,-2.171960954337184,7.3029325238165885
-4.246323278648413,-2.290181338619375,-1.034873323595641,7.8508872154032,4.55925070546182,1.350523743785675,-7.416158907099066,2.3599899255073105,0.242509597439371,-3.589466888980563,4.7667021751360865,-9.479415050152383
1.6363534935479311,-1.8490814437903518,-4.6645255085536315,5.083194325745242,3.688713655060047,-3.1159190084067023,-0.37228494087676367,10.138204875743911,-0.16602209977143717,-8.892375400735833,-4.308843789976728,-4.224153023775863
5.782879093318764,1.0996635729501174,1.5679322554540824,10.816880965132963,10.363693333823523,2.094754181422693,0.34291528701417945,9.864557583303286,-3.1063867196751263,-6.384717651852014,0.04154530910672645,-1.5483047371549847
-6.1983017540441345,9.169410256195789,2.114941056074224,0.22843058058460775,9.70664568042459,-0.6603632299803162,-2.830096795124344,5.8806520219565765,-8.467733028103384,0.17164607932150233,-0.8333374404332979,-6.296496948041069
-2.064872901416126,1.5461872713201978,4.610904231914494,-5.13243151527151,3.628208481370627,5.330722067257472,-9.57858338389644,-0.6304291895094541,-1.521210310009518,-7.595426378540676,6.170687515622357,3.9106492625294074
-1.7197248371068596,-2.462454513481064,-4.014377297218096,2.16215212290557,2.725933888861422,-0.3502600047089946,8.0527975897912,8.623555030193994,-1.2200013584185918,-8.500634764672474,-0.902516800415121,1.3175601030851523
-8.831119262533118,2.1402108456995457,-0.2972009858606235,1.083937580030996,5.029463238066946,-1.2080805788109763,-0.5140814046269768,1.221365677957026,2.272746637095077,-1.7921820339382113,-0.4898551958340649,-3.957665993446564
