4.127352439552595,-0.6409898544492159,-4.862032435904971,7.442047170133368,-0.8259417039178447,3.454378111172452,-6.893511978656393,-0.8324410980783522,2.4548382846739494,-6.49308107765003,-1.4463557048261257,8.72289161474921
-10.163457003331338,5.933882786971161,-3.320754040512922,4.475977693715227,-4.580210929359438,5.815365904127991,-2.073938740540006,-7.890922641415475,-1.5520038221868002,1.709159369822868,1.6305046041366074,-3.928651000946
1.0762586817782154,-5.809300712889404E-4,-1.6338946724319054,12.593432872164874,6.407143483788809,4.151057827126757,-1.4231176913354384,-0.2183259204382798,-0.5876297835439211,4.347132958313784,-4.076541204841597,-5.323430628397685
2.134214916043144,3.133323220736054,2.612320484548286,-3.014094984480367,11.852643645601674,2.777024936397031,4.976701709610975,3.919231398005819,-2.4895375596461617,1.3658181831982108,-1.0539967943829722,-2.344405358148405
0.1573766395009979,-0.7000489451456704,-3.6445865776852107,5.59208280854549,6.12527105912606,-0.16381989662561408,-2.0456200581199773,10.397375506309734,-4.564776787919322,-6.575646838598653,-7.019797823441242,-1.8996479881119657
4.16703303538339,-1.6228690462690216,-4.513802110879688,0.7144126283897692,7.3376104896690215,0.06477142527864739,7.014283655584687,13.148293627052489,-2.5406027593044245,-4.83553521045935,-4.662052177540755,-5.826506341780032
-0.18749242082056206,5.427934049476622,2.455008645587098,8.16594598351324,10.823454614641053,0.44802019477377314,0.0548671005485137,8.301823112507059,-3.874063867037175,-0.11974911172149144,-3.460692128545624,1.6312587947556272
-5.041614784068686,-2.0499357063496793,-4.312794724348807,9.372328268677625,1.748000015255112,0.7499799026238361,2.3212814898379706,5.376352390972592,-2.121901437400829,-3.9566447699672396,3.999105916060233,2.4457648522923954
4.088018674258867,0.7921788830147543,0.8462330355948783,3.795170857068929,4.073104173592608,-0.10800996678752832,-2.4541721313235962,-0.08931956097325433,-4.995691197990669,-1.8397011540882495,3.4714762839811764,-1.6264462091858354
-4.44916648541121,-3.868889569103614,0.574651735255835,0.8520549688766528,-0.4307125759538594,3.1010954556361257,0.23097277467915794,9.248241787515234,-0.84640056905474,-6.23184139653062,3.9276234176039835,6.980127732881322
-4.232318789457137,-3.3497548121645657,3.5773399525561325,-13.827537996019418,2.083507714744527,1.9089324169000956,-3.6514592983544656,9.659401924845328,-4.890097422199542,-6.217608154146238,-8.149751229448187,-2.106686831137551
