9.779138435244848,8.934520844046366,-5.32194919534037,-7.538049204703993,-1.0811333321182244,-1.6867631299208552,-13.198599534157152,-20.726051615885257,11.274173393131155,-4.470821116946,-0.07123034868712441,1.0390686292267892
-7.408794588783954,0.6270914557434644,-3.3631906450114686,22.69483582168739,1.8816357079257604,-6.301587562216012,-4.76154353329318,10.464145561840072,1.4926715743184849,-6.199360873144541,2.1424525197228577,9.848629617697549
-1.0287933451535922,2.2012470037975347,3.0540155969720613,-4.959058992911697,-1.8538137055829258,-0.8023374114182109,-0.9620403812610048,-12.95176165983011,6.3210025820109,-0.49316040376807985,3.3247981535958933,8.088557459005509
-4.450170576870529,8.273936638243812,3.9134897185975546,4.907207682528743,-0.4442139715367512,-2.030376996956673,-1.7245562597503636,-6.548522677637659,-2.9707313929684815,-7.533190083964858,4.828143578053092,-6.162688764062484
-6.2860630767288175,-0.9875177878905167,-1.7019854008510555,8.341980155932056,1.4502775536360097,2.7771208325494365,0.5152956112507661,6.456869913749869,-4.800009690029934,-3.3835599753853884,2.02699238016247,-7.201820265777314
-1.0674314082009375,2.7835954227355995,-5.673014777379423,3.276676065715509,1.3687981927909698,1.9862960193347963,1.6273477908414442,3.3926086120907355,-0.45772135959530086,-0.5988198670661883,3.5668600808086883,-4.745409927680792
-5.5696481626882,-1.7318193937495932,-0.7460299922715299,6.585958214623353,4.082529856581231,-2.092362446841426,4.496115678952191,9.473738776827261,-4.184664916921579,-2.6303746811535706,4.123574767273045,3.7163936806654694
2.1946019230062155,2.5140968912223265,2.814647585530689,-0.24704785493044168,4.826622790524545,2.3979050651853817,-1.7171227964231555,4.132541631027651,2.775240518555361,-1.6015941587823783,-6.072235471713346,-9.60200308313184
-2.636870269733191,0.9947302975548358,-2.095922142878335,5.636615407248683,2.0675276329736216,1.6492691224054035,0.20504798796227108,-2.6920161529507447,-0.22981735619159738,-2.740321068560322,2.72269545675587,-1.205308825609579
3.609002762397205,-1.5933123037118198,7.45803472036756,7.544599849754684,-0.03818912708646623,-0.9690547398994481,3.8944430564225163,-4.023038849472733,-3.901346979905275,-7.856943432445599,-5.825297531081689,2.273127516520844
0.3111902999026467,-2.4710366118555718,7.063569902946491,4.041957073653484,-3.252564792862456,2.2315342730977537,-1.812941813006785,-5.00121222209695,-0.31218743457519704,-5.621961927887838,-10.85809354176515,0.215863373173991
