-6.337157995770197,1.4401493289861638,0.2243186407264252,2.5049598241855735,-4.118332503259654,-0.31453939275987064,4.188310771786341,-4.224995657506224,-0.4189239409899978,0.2519206788951432,3.088947690757655,-11.214557188930273
2.788722169291689,5.189458515493956,3.764235171987443,3.4517957911284336,-0.802601665142093,-2.44636113770535,1.6288251784956125,-9.976653326628654,0.6535868506210122,-6.342755054298424,-1.859817544465958,-8.815376830641695
-4.199511163466017,3.160274306072785,-0.7798094338411695,4.90027761211116,-2.1218335377722264,-1.5867956316064353,2.9932621511625803,-1.8164709450752268,-3.1839194446243986,-5.074472138561305,9.763244770160089,0.39518941260832735
-7.302894741032342,2.477367494290104,-5.289722709977495,9.492453807227054,2.2932569153402156,2.617763122482329,-0.9018916186951546,9.537415428576955,-1.0419354098530782,-4.079219374169904,7.354947591820156,8.738396047857366
-8.362301790792682,-1.4986861129836133,-4.621778327011002,0.17325985045154968,0.28297095190271465,4.097956264027992,-4.252076310366454,3.8585739771896064,-7.628140263408376,-1.7357899567215305,11.31687878041325,-1.1219385802673403
1.3109146244056356,-0.8355506004196128,2.2479148108250278,11.805442534262925,3.566412110766956,1.8937131686836661,-2.5721113421154205,3.5045277018996557,-4.1431032674369375,-6.629046503720251,-1.0553695162985692,-0.3769089213837641
0.4929479226560836,-1.4557418613629998,-2.3020559924957005,5.264015756041495,-1.3400754280151332,1.4540770532933591,10.0388642928902,11.853051270122167,-0.3972595554522497,-7.533290162018366,1.6791067156224664,1.07807170425509
4.290286058089196,-1.1792074484606874,3.1125979686608076,8.439456525179816,5.887852154681069,-0.4063712522695811,8.268871837954913,-0.17977288382849707,-3.2564926539325283,-4.586076912971642,-0.28754797755017564,6.4069960298043185
-1.4344405326464211,-0.333468078267702,-0.6708613699648491,5.119206293422341,1.6204199445178071,0.5257906110917926,2.7725050324737595,-2.9981416586765763,-0.054127455671366564,-1.6232249361083018,-0.32581150011921123,2.7292339858943615
-0.20100889621947693,1.7735965941765088,2.245929768463631,2.481546863131303,2.7770295302984,-0.1961104687051984,2.940181884831864,-7.996845848164016,-1.2388666002814182,-1.1570081275367623,-2.1089337087799382,-0.2969595034205672
-4.847389018800712,0.25894755539650405,3.799592599132666,-5.309651228147941,2.6675869445028257,-0.25733447983591795,1.3361190906614315,-10.496313302261868,2.0216620270861916,-1.716602744115712,-8.73065288604362,3.029391767785093
