9.204199982400644,-4.587582494841145,10.515661281286738,7.086777212006728,-3.319209650689387,-4.6015513836239474,0.1107081589155775,12.705629648464072,2.6624628041752367,-5.767943034252713,12.46936431661837,-0.7222575295664768
21.979347518128467,0.037577603360598566,17.506051681320418,18.88323982401982,7.107295099231829,-9.84122273615868,-11.449636755845916,-4.922332215423167,-3.112665562668715,-16.528842365721616,-5.234554902136177,-2.110745678682067
8.786538221278681,-1.4120717780741154,8.77205339182015,-0.48648017816425293,-11.114716011742555,2.6830235012745924,-2.1124191158216465,0.8300732246694731,3.1464489451121502,2.889102285845339,-1.3738802107964487,15.40408039105754
-3.8082331248044423,3.4551577134646605,-2.6713604504431916,-4.011129923045146,1.660034129843117,-1.7868566849975123,2.343797870188335,-14.870007431730032,6.462934850695971,-5.650525657484831,9.375049680622055,4.708757125285833
-2.9222496077920823,4.974579680670479,0.8267074985150619,10.301173084212698,2.7335007989320212,-1.2981641740756367,-5.3810174179357215,-9.28708233433008,-0.755296317800996,-5.420526359327017,-0.07580107188645413,-12.456421717340781
-2.788029274152645,0.036431755722431826,-0.28517940928158997,-0.3317221229691534,2.40735971147499,0.08601987861366495,-10.0613747917333,-1.6994123698674202,3.7186156608618774,-2.175857766860172,8.03657401902216,-9.334900760479115
-4.698374846084597,1.2732415683180767,-5.416416116187586,5.519382753056493,0.7463842045481262,1.5362939759062026,-4.504244800516237,-6.381421165032343,-0.9646775662073331,2.2850031310765377,4.334405942936375,-6.018980873241861
-4.182697901702434,1.9227442669619035,-0.918952300882414,4.480059920149883,8.32973123108981,2.622913534344657,-9.840305439960748,8.150129483559477,0.5426163567982071,-5.608984681997714,5.778401159615723,2.427708070042832
4.339598457411653,4.411753785645721,8.200660300371846,5.704076734071616,7.181339491854571,0.41533721388397543,-0.8842959801513589,5.7533524621315255,2.4451485298065503,-4.880146202385856,3.3372193458042454,-1.4174073859536096
1.639206568578293,2.3167983767387335,4.4413594152030464,-0.9571542188871167,9.911503021853939,-1.5791556309449193,6.235533618506968,0.22444781070398057,-8.769533334544104,-1.148447779535073,-7.048148536671609,-4.700558437657955
-2.454729809593346,0.1900799152480867,-4.046725298351551,0.358449559608475,0.14396207577791262,-1.7568231660756675,7.99485559795874,9.073853333438409,0.05487477086136401,-0.9026977342368445,-6.753331274977193,-4.3041181116658205
-3.3900855789230597,-4.08375625780322,1.9565246868633257,1.170394508958952,-0.7131654930649407,0.7705507346314783,0.2309555584581289,-4.097045114453092,0.2984488352401688,-1.551037936972948,-4.373586132593055,6.328056654617433
-2.669255519005069,0.18570210374314633,-0.3275452056879079,-2.248298568740063,1.9186104547742242,1.0383714806978783,1.3729687889821138,-3.736047101333341,-1.0912553469385036,-2.905424255053455,-6.123324953265991,1.7739281746300863
-2.546327983037306,-1.5372524148054025,2.255773283479788,-4.571618637392113,0.16509013311696488,3.580332846050955,2.136791545302076,-3.491946987220032,3.7367972964743545,0.11444875359354384,-4.774000984543384,4.145144741412585
-3.5469767060984783,0.21757061360206942,1.4400280075617695,-7.874083074077637,-1.3945976969091123,0.39388165410006293,4.467308340712178,-9.22152023130796,2.7641006510652204,-0.2768916876260734,-11.345705060180222,7.1914125616826095
-2.8894291182028145,-1.390191000360393,4.307788450294042,-0.8266302683440143,-3.217040505750922,1.0963620678164785,0.06654315448738565,-7.573413217840271,0.9328228761502093,-2.471127719881371,-8.261214918839901,8.537926792079197
