-5.399627459200579,2.413767335100111,15.570019939653152,-4.840366807811932,5.123821253084305,4.4085978012107425,-12.204747158482684,-6.009791967689065,-1.1369951901292747,-5.831052669466128,16.929292642971756,-15.071512428003652
-1.0663882329923275,-3.935499441851465,-0.7909056178397238,2.2618965173149075,14.05287126269882,4.299726262991097,-5.360655018444814,-10.697269190277755,2.964582955485076,-5.443212920600239,12.885828155926493,-1.56488520780203
-1.2040824484482746,1.5310149019405577,-5.636488173290103,1.5694505978941704,3.929594492722208,6.5666343768651645,-13.852995428513594,-29.951925445087337,6.469602118020394,-4.378499948403951,14.443392036223234,-8.375025800465647
-4.811588435494755,3.8364463956082866,-15.572597358038836,4.789949865272783,6.452573886866327,3.836318446959125,13.063797001927503,-16.022439504008023,7.719884069408115,-11.31577416143979,16.45576565468008,-9.799404021089353
1.8349491142973853,1.497206141690959,0.6429634308207581,15.531639855849523,-4.931383331877125,2.9422585952915052,10.84925521498079,-2.7819851362996677,1.4383670045175883,-1.60578019813178,4.413596705538167,-15.304665717912211
-5.4180896309622,1.1966421365613278,-4.281294447965292,23.834137615584723,6.200873484991755,3.516968413170358,2.7778894744808214,0.033755974313650405,15.311795781553256,-2.5263829746660527,0.9446356708342978,-8.43442306519136
-6.845007886004198,-2.7837821409898185,2.22732627572071,29.297717602686774,6.228399234250322,2.437931297600017,5.90679546637838,-1.4197393648801888,9.700063259216755,-2.1240778791538095,-1.870867014433685,-11.770416544887869
-2.1989097420222024,-5.400632127059595,-0.9276494788792098,25.891891169476875,9.441796209349203,1.509343742542951,-4.383243351724774,-10.884752111362106,4.8073056150707,-6.589016644653492,-4.102894660231286,-11.294578468791695
1.6991876693878591,0.8120658174280599,0.9684102557106318,28.156263515845723,3.6920632956031967,8.136506403623097,-0.039378166897222844,-12.295923724450615,6.313134366848487,-1.00563552524061,13.781596064806637,-11.314973187055099
4.437777502622044,5.8967813560717595,-4.71742382402712,19.883371272877845,1.5559540824986153,1.4256999404429505,-8.045016712712759,-17.042302374227226,7.197871558155116,-4.835254393089362,5.908381196898724,-13.877254556581036
-5.465871286080211,4.553077911892024,-6.594408067947525,9.273906634620877,-1.563127645570948,4.477070463627282,-9.625221536465691,-20.372078131946367,7.47961625383427,-6.905545962814389,5.484295531819173,-14.25529105378342
1.5030973368758955,3.1016212618933556,-9.169104008520158,-4.630027575974714,-0.9708476513188375,5.845766780780081,-7.288014324723258,-22.339507667558756,4.306399765470767,-7.096841392045702,-1.8974080556697013,-8.066557076900413
0.9132730725879057,7.314383840692285,-14.36238987885519,-8.38539670089228,-2.704451405527112,-1.2008136297811036,-4.3676896583552285,-21.360971141464194,7.347036298249527,-1.3137072159369438,-3.2298269269873874,-7.0488792522647605
0.2729785608791069,7.099743231247671,0.7535534821855734,-9.814346826282826,-1.8695082470606654,-4.513796711391629,-13.034714727307904,-10.688362093353218,0.8624100010113449,-3.413942272931829,2.428738928922396,-10.742531543012301
-1.346467059540938,3.015576497382229,-9.037024102775536,-3.275272851579773,0.8489585257504086,3.1122162143571335,-7.69893241252907,-14.652884382827317,5.228428032184217,-5.572769467067709,2.9819648639341585,-10.44738844399734
-3.8140171706212804,3.8616569424826013,-8.475937458047998,-7.7417175563275284,3.697259630835747,-0.7011393789082963,-2.6697322245301294,-24.203707804931604,1.0766162720365902,-3.868519248330779,-5.30315238798091,-2.6991244248529718
