-12.122595134733643,-3.5469807351967777,-3.701444573028292,1.5480619484306586,5.14129516332266,-1.7281282450963937,16.700071323712574,-23.289023577640222,2.701089806711363,-3.7462516866733644,20.316748698776394,1.1121357208801932
2.6757813469235145,8.223036782250976,5.526802434559157,1.6274271929934248,0.9320218586588713,11.657826901716582,-29.594529905766077,-13.782061716432718,3.528810460937159,-3.4355535018835184,20.703387410091338,2.1586690539596525
-0.7894775770454672,3.4515376942940765,1.0698325603238006,-15.257485684330156,7.848029709794413,1.2016201960516115,-24.863504525905714,-17.731282145239952,0.16036651752045206,-1.9463013639952411,14.543450231154509,-20.66212676369968
3.546526547797983,-3.8739869408710073,-4.355657683175381,5.981524309548454,4.095640427316936,4.551617167895738,-6.233057363109722,-15.89723365408425,5.536281350658912,-9.988104759312879,16.230809049806357,-0.9840128660291558
-7.529414365168945,0.6647625065761904,-7.434230536735297,3.4166837110915287,-0.8894695839793436,3.3878015846728076,5.909483040304107,-21.184216984849094,1.2382428758792674,1.8102688898154353,4.008822733956259,-19.911895391859417
-2.0561169993013664,-0.6582355010885301,-28.517800676689305,-0.02613273055855725,0.14057834061284868,12.005931360747041,10.051700331706622,-17.286265272652045,11.64038821381228,-4.971075313026403,-2.8499148843159663,-32.470376774499805
-12.883230682108675,3.521853251943428,-3.4334142295691406,27.040437933345906,1.553746914461939,5.0036175189189365,6.077298455712304,-12.121959351202229,13.67945672628761,-8.304900997744083,3.5358786563333933,-20.05753991003616
-9.85359929837309,6.773401537289097,0.7685090631052338,11.869968537570784,5.394070691141945,7.3683427471325835,8.178364028683882,-15.553957350258932,13.104561925304305,-9.828794374524946,10.084846653385842,-16.87687575207938
-2.136694685171846,-6.631444249008931,2.9789531917140435,34.419285853000204,4.1458357603291915,6.597052022813687,6.937856506189441,-7.743996177847709,11.747948182629806,-4.099380910053044,-1.6986113413890944,-11.16768688460941
0.026886398278236356,2.111209486204163,-10.126242832473906,10.925985112914308,4.279981688875149,5.7526884718649915,-2.4151086092945553,-8.996550515088874,1.4136516877055643,-1.360650542666992,-8.443192019836562,-16.78710367400967
13.737378253669572,-1.2228246094605755,-14.878438802705976,1.6022810953233892,-11.996277068550846,7.909630920184039,13.90741262321213,-0.5622677440328259,13.341009351076996,-5.960695935822004,-6.584747972204011,-24.939829438110422
0.06565431896745366,-1.5404170604413103,-1.4951695635271456,9.263294637265254,-4.039976012685276,3.5797260045100687,-11.291496253265683,-18.38222812998272,6.964977463698326,-4.444430693395032,5.447621166266637,-12.259992098793933
2.745505375108804,8.131210859022957,-7.761093577771179,10.58864371939637,-0.3021675934281256,2.901819563206116,-12.204269124473285,-20.254491627545324,8.646284414231232,-4.707179353990059,0.7031135355042846,-16.1169340008916
1.7900897209177362,3.0490939673183663,-12.28298850441443,-14.250581100260089,-6.1422627067994044,2.776921160606564,-2.6329229275767965,-14.100885897593855,8.899563645182171,-0.5406489470373694,-5.619895740661625,-14.997721434710549
-2.6692395250066197,3.318879914639913,-6.8886972077999244,-12.155730977452077,-3.3326186217572444,-2.426370448998934,-6.015960386520133,-13.309645740992508,11.541495686490126,2.718865234517117,-1.7976975675502676,-8.356404097627781
-3.092061251371291,0.3999534860190481,-5.245207633117609,-12.778350101596711,-0.1298298431756173,4.031248348347289,-5.577680798768648,-11.970234839832635,7.252964232614481,-3.000267481279903,-2.3181519479868236,-6.738273318586538
