-0.5777897856084397,0.849021499290775,-9.27803051436483,-5.333828353728458,-3.2384636858725697,-1.5154881493545622,-17.51929663468113,-7.864027195715742,10.466301463804214,7.045715417134737,-5.336284474411462,2.434560984499851
-3.2236023518499968,2.7249566155342078,-7.086795606367514,-2.2422677324420426,-1.4091483035273182,0.09200349033253874,-14.519830809671422,-11.20976720770468,2.2702097720948338,-0.903390952479338,5.762723086250568,5.5948411689374264
-3.000041233394557,-3.6580508628723702,-1.155561008702313,-5.290102066321234,0.9851126765551222,0.3053037498164361,-8.51101340999202,-5.6009823808343056,-0.24105913553474548,-0.6023537073661274,8.333037127316778,-0.8189426355490247
-11.768420180147597,-4.641080031824064,-5.058244190188689,8.62772922423081,-6.4547463847530855,3.2530830597120124,-2.637460069215934,3.0868716864910564,-1.8016402112760506,-3.985207081756447,7.039672049184421,-4.139521473246889
0.9866226442318848,-3.5714668174211077,-0.5334691866171908,14.052703883275948,2.4144133077638736,0.19127733678784076,-13.76736941111822,-2.3591814831592406,6.541358566145339,-0.9936504816044429,-1.4068905136050214,7.480214673591709
-3.6954144391735233,-3.406002366323539,-10.315367681959158,20.13740999921027,1.3238036221061835,4.194571220995358,0.359533862983172,4.272101864622075,2.3303744989591846,-1.0331649240740188,3.9804664649300414,8.289912421794185
3.9257446909794522,2.5971157397320437,4.066556639365453,6.018069653332986,-4.261472092086489,7.519693976344734,-4.483882486551545,-4.210517510724308,2.6397047505026685,0.07355953717653874,7.21300917513517,9.768285050373485
-3.6295794108234896,4.127588564854477,5.603497218250636,7.81418481639318,-2.1578826337833066,6.101853793082621,-2.755309976113799,-2.7018548552332255,0.9268137659650486,-4.8958388078448,2.9663120869858317,1.3714845298374017
1.098864328577883,1.7108665950476012,-6.087724117060623,6.429030016384436,0.32358201283919263,4.7206667057532075,-4.542401652545334,-13.613446534665258,2.053732099158176,-1.4105462415511854,3.7231991263063526,-0.7907200138949677
0.7646221331079026,1.3214669410926563,-3.6210076230450756,5.063984367480732,1.7643743186290126,0.15778295143109128,-3.9557553995309664,-11.169575123362659,-0.3500347648804285,-0.9821284355098769,0.6310105455349788,0.7846528160016844
-4.127071643734847,1.3369812479725067,-3.935155357826062,6.878326293110525,1.569008047210171,-1.7567921161241238,-3.301374562892739,-12.509800176599025,-4.45029707954304,0.698686483856926,0.43872923125546714,-0.5025674572839347
-7.351872853644726,5.158341040784267,-7.430356769589897,-3.488798385599136,5.68124372791292,-1.6584588268123286,-2.46186250841194,-10.707236842077792,3.8805422518003763,-2.1966622362858397,-11.177181601533514,-2.010999194516129
-3.4357752168890743,1.7423743631661037,-2.0239938140467664,-9.723232427983941,4.097682263141473,-0.2668241054195222,0.8867811587582053,-15.612112185734906,1.5736521994256054,-3.141399114519432,-11.473260192123519,3.6425256133776647
-4.114675874510172,2.0398852749258927,-2.3327142248565793,-13.137098648341272,8.679608734830424,0.0172323785468666,0.6215027923754246,-8.672152994728508,-5.333570673683867,-2.937692050654868,-5.598852642318716,3.112756062974262
-0.33796388200107774,0.3870717141204847,-3.435520920386893,-13.35121198194445,8.357395383938371,3.5057102173528194,-0.42515210031020534,-6.705718907205581,-0.9251735898815396,2.117465812882827,-0.14584285563553134,-3.2061750474458655
0.5258394106153252,2.963342814802756,-1.1458427556192294,-4.873344756482092,1.4512353892413836,-3.1231641491090576,1.7553693931526437,-5.629936624420809,6.0160596356885545,-0.37974207009189964,3.3187815871908515,-0.7707736214857004
